   3.0880000e+03
   1.7490000e+03
   4.0850000e+03
   1.9060000e+03
   7.8200000e+02
   3.6830000e+03
   1.7060000e+03
   6.4450000e+03
   2.4310000e+03
   1.4180000e+03
   3.5440000e+03
   1.3980000e+03
   6.2500000e+02
   2.0940000e+03
   3.8070000e+03
   1.6170000e+03
   9.6900000e+02
   8.1000000e+02
   7.4800000e+02
   1.5350000e+03
   5.0140000e+03
   2.2550000e+03
   4.8990000e+03
   1.7260000e+03
   1.5520000e+03
   1.8110000e+03
   5.2400000e+02
   9.8000000e+02
   4.1000000e+01
   2.0680000e+03
   3.8600000e+02
   4.0840000e+03
   6.1500000e+02
   3.8800000e+02
   1.9550000e+03
   9.8900000e+02
   2.2060000e+03
   6.4070000e+03
   1.0190000e+03
   1.1800000e+03
   1.4480000e+03
   6.7300000e+02
   4.0290000e+03
   6.5890000e+03
   2.4340000e+03
   4.3880000e+03
   2.9550000e+03
   2.0100000e+03
   1.7090000e+03
   1.0640000e+03
