   0.0000000e+00  -1.6840844e+00
   5.0000000e-01   2.5067521e+00
   1.0000000e+00  -1.7156649e+00
   1.5000000e+00  -5.8088483e-01
   2.0000000e+00   2.4536159e+00
   2.5000000e+00  -4.0714563e-01
   3.0000000e+00   4.3080848e-01
   3.5000000e+00  -1.0138226e+00
   4.0000000e+00  -1.9995981e+00
   4.5000000e+00   9.3578521e-03
   5.0000000e+00   2.9219788e-01
   5.5000000e+00  -7.6798369e-01
   6.0000000e+00   2.4607675e+00
   6.5000000e+00  -1.6364345e+00
   7.0000000e+00   1.0177781e+00
   7.5000000e+00   9.0669129e-01
   8.0000000e+00   4.2630345e+00
   8.5000000e+00   1.2548875e+00
   9.0000000e+00  -8.8605763e-01
   9.5000000e+00  -2.7550140e+00
   1.0000000e+01   1.1288578e-01
   1.0500000e+01  -3.5970796e+00
   1.1000000e+01   6.7164145e-01
   1.1500000e+01  -9.3576419e-01
   1.2000000e+01  -2.7156329e+00
   1.2500000e+01   2.4743808e+00
   1.3000000e+01  -8.0356973e-01
   1.3500000e+01   6.2903987e-01
   1.4000000e+01   4.8727965e-01
   1.4500000e+01   3.6664471e+00
   1.5000000e+01   4.4348984e+00
   1.5500000e+01   2.4249220e-01
   1.6000000e+01  -2.7245719e+00
   1.6500000e+01  -5.3113199e-01
   1.7000000e+01  -1.0694408e+00
   1.7500000e+01  -8.6839958e-01
   1.8000000e+01  -4.7649121e+00
   1.8500000e+01  -9.5525776e-01
   1.9000000e+01   9.2585540e-01
   1.9500000e+01   1.8625139e+00
   2.0000000e+01   5.0698125e+00
   2.0500000e+01   6.2102985e+00
   2.1000000e+01   9.3840330e-01
   2.1500000e+01  -4.9432910e-01
   2.2000000e+01   1.8038503e+00
   2.2500000e+01  -1.5756130e+00
   2.3000000e+01  -5.3600819e+00
   2.3500000e+01  -5.7282947e+00
   2.4000000e+01  -6.0713139e+00
   2.4500000e+01  -2.8874828e+00
   2.5000000e+01   3.2707894e-02
   2.5500000e+01  -1.0061662e+00
   2.6000000e+01   2.8179300e+00
   2.6500000e+01   7.0059936e+00
   2.7000000e+01   6.0485777e+00
   2.7500000e+01   3.2093922e+00
   2.8000000e+01   2.6206327e+00
   2.8500000e+01  -3.5822857e+00
   2.9000000e+01  -4.8467326e+00
   2.9500000e+01  -5.6761583e+00
   3.0000000e+01  -5.9385609e+00
   3.0500000e+01  -3.1001397e+00
   3.1000000e+01  -1.6360602e+00
   3.1500000e+01   2.6785863e+00
   3.2000000e+01   4.0327149e+00
   3.2500000e+01   4.6518630e+00
   3.3000000e+01   6.8764828e+00
   3.3500000e+01   5.9143748e+00
   3.4000000e+01   5.8723530e+00
   3.4500000e+01  -2.1773753e+00
   3.5000000e+01  -9.2991866e-01
   3.5500000e+01  -6.1653011e+00
   3.6000000e+01  -8.1706108e+00
   3.6500000e+01  -4.8464573e+00
   3.7000000e+01  -7.5138717e+00
   3.7500000e+01   3.0459461e-01
   3.8000000e+01   4.2363828e+00
   3.8500000e+01   3.2390500e+00
   3.9000000e+01   4.6563241e+00
   3.9500000e+01   9.0372859e+00
   4.0000000e+01   3.6155763e+00
   4.0500000e+01   2.0486920e+00
   4.1000000e+01  -5.1373792e-01
   4.1500000e+01  -2.6628655e+00
   4.2000000e+01  -8.3126827e+00
   4.2500000e+01  -6.0419518e+00
   4.3000000e+01  -4.9980998e+00
   4.3500000e+01  -1.7223098e+00
   4.4000000e+01  -1.2467175e+00
   4.4500000e+01   4.4900812e+00
   4.5000000e+01   9.3220896e+00
   4.5500000e+01   1.0917250e+01
   4.6000000e+01   9.0522278e+00
   4.6500000e+01   5.2661673e+00
   4.7000000e+01   1.4963573e-03
   4.7500000e+01  -6.0578373e+00
   4.8000000e+01  -1.0216468e+01
   4.8500000e+01  -1.0023234e+01
   4.9000000e+01  -1.0907339e+01
   4.9500000e+01  -4.2585217e+00
   5.0000000e+01  -2.7263770e+00
