1.599368
1.599502
1.599964
1.600781
1.600227
1.599870
1.600087
0.000027
1.599983
1.601551
1.599655
1.598770
1.599959
1.599879
1.599938
1.599650
1.600038
1.599894
1.599431
1.600422
1.599822
1.600620
1.600883
1.599714
1.600910
1.599242
1.599435
1.599966
1.600224
1.599644
1.600250
1.600135
1.600971
1.600107
1.599373
1.599442
1.599312
1.599841
1.599685
1.600209
1.600096
1.599987
1.600878
1.599141
1.599540
1.599305
1.599954
333.374093
1.599972
1.600238
1.600572
1.599729
1.600127
1.600314
1.599327
1.600477
1.601148
1.600142
1.599205
1.599518
1.599459
1.599855
1.600138
1.599668
1.600307
1.599755
1.599580
1.600672
1.598964
1.600492
1.601216
1.600302
1.600242
1.601144
1.600896
1.601149
1.600370
1.599844
1.599373
1.599544
1.599493
1.600009
1.600389
1.600011
1.599831
1.600140
1.599922
1.600831
1.599805
1.600428
1.600558
1.599407
1.599951
1.599348
1.599573
1.599883
1.600788
1.599636
1.601149
1.600907
1.599732
1.599896
1.599473
1.600109
1.599073
1.599807
1.600127
1.599630
1.600511
1.599511
1.600272
1.599618
1.599704
1.599657
1.600349
1.599555
1.599743
1.600721
1.598875
1.600454
1.599996
1.600489
1.600391
1.599985
1.600278
1.601103
1.600570
1.599014
1.600508
1.599908
1.599497
1.599930
1.600113
1.600822
1.599517
1.600027
1.600392
1.599999
1.600074
1.600072
1.599521
1.600881
1.600084
1.600367
1.599855
1.600040
1.599628
1.600263
1.599665
1.600352
1.600294
1.599784
1.600297
1.599834
1.599305
1.600489
1.600157
1.600226
1.600663
1.599804
1.600657
1.599988
1.599036
1.599628
1.600755
1.600769
1.599230
1.600057
1.599986
1.599543
1.599845
1.600769
1.599588
1.600634
1.598440
1.599714
1.599759
1.599823
1.599545
1.600125
1.600168
1.599415
1.599278
1.599675
1.600542
1.600131
1.599884
1.599436
1.600229
1.599588
1.600667
1.600737
1.598473
1.599207
1.600277
1.600365
1.600260
1.600334
1.600522
1.599767
1.600613
1.600035
1.600063
1.600622
1.598478
1.599233
1.601337
1.599567
1.599772
1.600737
1.599780
1.600350
1.600453
1.599307
1.599657
1.598760
1.599999
1.599479
1.599067
1.600791
1.599747
1.601174
1.600099
1.599923
1.600437
1.599612
1.600459
1.601232
1.600607
1.599432
1.600105
1.599412
1.600136
1.600795
1.600015
1.599822
1.599271
1.599367
1.599979
1.599812
1.600516
1.600196
1.599509
1.600539
1.600310
1.599502
1.600015
1.599934
1.600157
1.599769
1.601082
1.599352
1.599654
1.600589
1.599654
1.599540
1.599520
1.600540
1.599662
1.600367
1.599571
1.600779
1.599276
1.599828
1.600164
1.600569
1.599679
1.600662
1.599564
1.600280
1.599085
1.599998
1.600679
1.599615
1.599049
1.599729
1.600094
1.601185
1.600910
1.599863
1.600359
1.599037
1.600589
1.600959
1.598698
1.601207
1.599974
1.600228
1.599985
1.599810
1.599662
1.599287
1.599949
1.600212
1.600106
1.600364
1.600158
1.599820
1.600474
1.599235
1.600258
1.600265
1.599149
1.601279
1.599920
1.600232
1.600469
1.600429
1.600305
1.598951
1.599947
1.600834
1.599188
1.599489
1.599799
1.600223
1.599675
1.600380
1.600612
1.600654
1.599652
1.599973
1.598868
1.600327
1.600114
1.599004
1.600027
1.599712
1.599932
1.599768
1.599772
1.599308
1.601217
1.601108
1.598872
1.600322
1.599813
1.600080
1.599474
1.599497
1.599914
1.600524
1.600119
1.599900
1.599146
1.599059
1.599499
1.601049
1.600723
1.600472
1.600264
1.599637
1.599814
1.599816
1.600055
1.601561
1.599582
1.600137
1.600051
1.599087
1.600405
1.599421
1.600080
1.600670
1.598519
1.600132
1.599333
1.599653
1.598992
1.600157
1.600135
1.600484
1.600016
1.600962
1.599293
1.600042
1.599680
1.599836
1.600005
1.600513
1.600280
1.599527
1.600310
1.599346
1.599565
1.599602
1.599880
1.599413
1.599849
1.600362
1.600240
1.599052
1.599396
1.599368
1.599263
1.600512
1.599281
1.600053
1.600258
1.599572
1.601063
1.600405
1.600643
1.599840
1.600369
1.599856
1.600229
1.600200
1.600776
1.599992
1.600088
1.599290
1.600255
1.600855
1.599743
1.599798
1.599106
1.599820
1.599335
1.601220
1.599749
1.599174
1.600721
1.599966
1.599756
1.599950
1.599162
1.600614
1.600562
1.600474
1.600750
1.600317
1.600632
1.599043
1.599807
1.599961
1.600248
1.601342
1.600426
1.599990
1.600490
1.599763
1.600598
1.600299
1.599465
1.600052
1.599523
1.600135
1.599637
1.600075
1.599837
1.600322
1.599633
1.600549
1.599446
1.600152
1.600385
1.600484
1.598233
1.600436
1.599234
1.599367
1.600064
1.599227
1.601051
1.600326
1.600065
1.599719
1.599382
1.599929
1.599478
1.600524
1.600296
1.599141
1.598903
1.599624
1.600421
1.599419
1.600255
1.600429
1.600169
1.600777
1.600289
1.599972
1.598546
1.599786
1.599802
1.599441
1.599810
1.600213
1.601239
1.600533
1.599455
1.600106
1.599549
1.599909
1.598155
1.601465
1.600352
1.599599
1.600875
1.598951
1.598869
1.600033
1.599450
1.601026
1.600161
1.599363
1.599440
1.600141
1.600082
1.600031
1.599579
1.600498
1.600081
1.600086
1.599701
1.599202
1.600328
1.600011
1.599617
1.601243
1.600657
1.600066
1.600554
1.599459
1.600532
1.599412
1.600417
1.598816
1.599408
1.599441
1.599972
1.599849
1.599694
1.599479
1.599557
1.600780
1.599724
1.600432
1.599534
1.600126
1.598991
1.599592
1.600556
1.599613
1.600435
1.600038
1.599970
1.601090
1.599316
1.599308
1.599690
1.601467
1.600453
1.599790
1.600934
1.600519
1.600212
1.599305
1.600219
1.599957
1.599450
1.599192
1.599607
1.599169
1.599862
1.600140
1.599550
1.600020
1.600316
1.599811
1.600435
1.600566
1.598764
1.599733
1.600132
1.600537
1.600887
1.600387
1.600086
1.600098
1.599916
1.600398
1.599858
1.598915
1.599241
1.600294
1.599345
1.598429
1.599930
1.600194
1.600531
1.599900
1.600742
1.599348
1.600018
1.599573
1.601026
1.599842
1.599831
1.599943
1.599274
1.599766
1.599000
1.599462
1.599841
1.599988
1.599795
1.599576
1.598521
1.600147
1.599325
1.599453
1.599081
1.598867
1.600121
1.601087
1.599180
1.599013
1.600593
1.599351
1.600123
1.598904
1.599978
1.599920
1.600095
1.599856
1.600205
1.600052
1.599289
1.599544
1.601244
1.600462
1.599314
1.598797
1.600355
1.599401
1.600186
1.598924
1.599679
1.600759
1.599948
1.600014
1.600787
1.599589
1.598995
1.600646
1.599499
1.599720
1.600167
1.600654
1.600239
1.600638
1.600703
1.599688
1.599566
1.600216
1.600674
1.599889
1.600061
1.600239
1.600988
1.599389
1.600402
1.599582
1.600825
1.599256
1.599595
1.601706
1.598907
1.599716
1.599893
1.599493
1.599907
1.599271
1.600205
1.600370
1.599820
1.601407
1.600227
1.599440
1.599961
1.599893
1.600199
1.599647
1.600053
1.599477
1.601134
1.599887
1.599911
1.599959
1.600771
1.600221
1.599449
1.600109
1.600039
1.599410
1.599739
1.599218
1.599826
1.600013
1.599638
1.600793
1.600336
1.599476
1.599292
1.600126
1.600586
1.599673
1.599814
1.599048
1.599408
1.601343
1.599655
1.601019
1.600102
1.598962
1.600164
1.599788
1.598880
1.600987
1.600078
1.599890
1.600047
1.599951
1.599649
1.599612
1.600462
1.600447
1.600219
1.600289
1.600542
1.600304
1.599740
1.599630
1.600310
1.598931
1.600312
1.600965
1.600540
1.599443
1.600116
1.600237
1.600239
1.600067
1.599943
1.600100
1.599659
1.599594
1.599362
1.599356
1.601424
1.600482
1.599847
1.599784
1.600835
1.600138
1.599953
1.600740
1.600480
1.599865
1.599739
1.600711
1.599578
1.599995
1.600100
1.599804
1.600620
1.600222
1.599332
1.599817
1.599685
1.598962
1.600660
1.600420
1.599472
1.599977
1.599733
1.599730
1.600884
1.600765
1.599943
1.600082
1.600666
1.600352
1.600114
1.599713
1.600111
1.599640
1.600598
1.598967
1.599806
1.599817
1.600473
1.600378
1.599390
1.599992
1.598561
1.600384
1.600609
1.600317
1.600326
1.600365
1.600773
1.599673
1.599242
1.599112
1.600028
1.599382
1.600256
1.600902
1.599650
1.599849
1.600386
1.599807
1.599623
1.600090
1.600616
1.600038
1.599610
1.599438
1.599310
1.599753
1.600108
1.600535
1.599223
1.598938
1.599982
1.599745
1.599785
1.599990
1.600267
1.600719
1.600561
1.599939
1.599776
1.599903
1.599976
1.600287
1.599589
1.600704
1.599604
1.600451
1.599380
1.599844
1.600565
1.599784
1.600177
1.599476
1.600116
1.600201
1.598964
1.600174
1.600654
1.599432
1.599838
1.600079
1.599393
1.600276
1.600945
1.600480
1.599767
1.600301
1.600308
1.599205
1.600198
1.599718
1.601128
1.599696
1.600909
1.599879
1.599377
1.600308
1.600206
1.599539
1.599330
1.600081
1.600331
1.599927
1.600076
1.599304
1.600323
1.600542
1.600537
1.600456
1.599759
1.600418
1.599450
1.600635
1.600431
1.599948
1.601226
1.600144
1.599961
1.599633
1.599088
1.599740
1.599533
1.600105
1.599344
1.600424
1.599678
1.600920
1.599462
1.600622
1.600648
1.599759
1.600125
1.600010
1.599734
1.599242
1.600261
1.599883
1.599901
1.599490
1.600418
1.600407
1.599653
1.600065
1.599855
1.600457
1.600346
1.600576
1.600164
1.599968
1.599363
1.600172
1.599261
1.600600
1.599802
1.598779
1.600011
1.599332
1.599727
1.600365
1.599339
1.600885
1.599771
1.599818
1.600411
1.600217
1.600008
1.599759
1.599356
1.600422
1.599778
1.599977
1.599237
1.599774
1.600615
1.599816
1.600006
1.599707
1.600173
1.600579
1.600549
1.599360
1.599824
1.599959
1.600233
1.599632
1.600485
1.599752
1.600190
1.600150
1.599833
1.599996
1.600694
1.600622
1.599481
1.599769
1.600485
1.600146
1.598999
1.600028
1.600294
1.599432
1.599452
1.600718
1.600548
1.599950
1.599644
1.600628
1.599326
1.600551
1.600007
1.600594
1.600618
1.600718
1.601372
1.600415
1.600067
1.600256
1.600142
1.600062
1.600329
1.600115
1.600921
1.600436
1.599533
1.600137
1.600671
1.600394
1.599959
1.601444
1.599980
1.599558
1.600685
1.599941
1.600111
1.599898
1.600707
1.599538
1.599883
1.600529
1.600074
1.599231
1.599776
1.599616
1.600152
1.599370
1.599900
1.599428
1.599680
1.599164
1.600021
1.599862
1.600403
1.599999
1.599971
1.600523
1.600584
1.601032
1.600763
1.600478
1.600706
1.599198
1.599775
1.601131
1.599835
1.600041
1.599957
1.599079
1.599472
1.600099
1.600000
1.600152
1.599023
1.598827
1.599420
1.600551
1.600798
1.599428
1.599623
1.599623
1.599465
1.599157
1.600235
1.599099
1.600587
1.599720
1.599809
1.599585
1.599972
1.599420
1.599284
1.599359
1.599644
1.599663
1.599250
1.600095
1.600491
1.600753
1.600367
1.599975
1.599690
1.599825
1.600227
1.599743
1.600204
1.600440
1.599398
1.600411
1.600437
1.600336
1.600134
1.600350
1.600295
1.601401
1.600192
1.599044
1.600866
1.601276
1.599567
1.600565
1.600427
1.599862
1.601086
1.600508
1.599390
1.599221
1.598930
1.599428
1.600705
1.599751
1.599495
1.599939
1.599903
1.599744
1.599624
1.600827
1.600328
1.599665
1.600191
1.600834
1.600107
1.600320
1.601263
1.600270
1.599306
1.599107
1.599151
1.601230
1.600520
1.600038
1.600143
1.599698
1.599853
1.599449
1.600168
1.599765
1.600148
1.599717
1.600173
1.599894
1.599938
1.601113
1.600303
1.599703
1.600430
1.600346
1.600472
1.600437
1.599748
1.600224
1.600108
1.600918
1.600101
1.600374
1.599578
1.599574
1.599441
1.599966
1.599257
1.600530
1.599357
1.600776
1.600343
1.598882
1.600006
1.600185
1.600140
1.599217
1.599354
1.600015
1.600484
1.599695
1.599922
1.600533
1.600668
1.599948
1.599888
1.598812
1.599610
1.598653
1.600195
1.600163
1.600396
1.600112
1.600049
1.600662
1.600454
1.600365
1.599768
1.600887
1.600087
1.600332
1.599735
1.599847
1.600309
1.599919
1.599941
1.599614
1.598886
1.599795
1.599993
1.599003
1.600457
1.599812
1.600897
1.599896
1.599006
1.600428
1.601049
1.600430
1.600883
1.599819
1.599295
1.599649
1.600862
1.599651
1.600680
1.599780
1.600472
1.600035
1.598824
1.599620
1.600877
1.599967
1.601022
1.599872
1.599390
1.601260
1.600141
1.599470
1.599306
1.599010
1.599146
1.599216
1.599888
1.600515
1.600390
1.600042
1.599610
1.599376
1.600109
1.600767
1.600171
1.599261
1.601099
1.600328
1.599454
1.598922
1.601470
1.599443
1.600329
1.599682
1.599908
1.600025
1.599746
1.600026
1.600352
1.599631
1.599846
1.600436
1.599699
1.599640
1.601524
1.598935
1.599419
1.599644
1.599805
1.599366
1.600363
1.599117
1.600146
1.600243
1.600261
1.599752
1.600286
1.600111
1.600061
1.599147
1.600158
1.600298
1.600299
1.601067
1.599684
1.600159
1.599879
1.600674
1.599982
1.600812
1.598753
1.600700
1.599285
1.600333
1.600194
1.600073
1.599527
1.599575
1.599510
1.600804
1.601072
1.599330
1.599258
1.599133
1.600003
1.600493
1.599886
1.600191
1.598615
1.599861
1.599518
1.598967
1.599867
1.601792
1.599713
1.600202
1.599947
1.600195
1.599407
1.600385
1.599369
1.600228
1.599902
1.600422
1.599832
1.601395
1.600685
1.599671
1.599649
1.599641
1.599876
1.600205
1.600142
1.599450
1.599231
1.599220
1.599723
1.600771
1.599803
1.600869
1.599612
1.599888
1.599906
1.600031
1.599384
1.599462
1.600434
1.600360
1.600675
1.599560
1.599767
1.599740
1.599271
1.599806
1.600171
1.600322
1.600027
1.599955
1.599695
1.601039
1.600185
1.600744
1.600020
1.599741
1.600237
1.599327
1.599690
1.599743
1.600068
1.599418
1.600449
1.600462
1.599791
1.599340
1.599797
1.599498
1.600308
1.600465
1.600149
1.599538
1.599838
1.599802
1.599454
1.599249
1.599396
1.600212
1.599728
1.600084
1.600341
1.600115
1.599709
1.598964
1.599211
1.599826
1.598910
1.599877
1.600643
1.599459
1.600229
1.598708
1.601107
1.600560
1.599642
1.599925
1.599947
1.600637
1.600028
1.600384
1.599595
1.599898
1.600289
1.599230
1.598117
1.599446
1.599735
1.599396
1.600167
1.600749
1.599086
1.600600
1.599535
1.600344
1.599970
1.600630
1.600176
1.600607
1.599391
1.600012
1.600820
1.599176
1.600103
1.600012
1.599718
1.600238
1.599841
1.600169
1.600090
1.599589
1.599982
1.599678
1.600009
1.599446
1.600364
1.599750
1.601062
1.600112
1.598953
1.601033
1.600486
1.599876
1.599467
1.600337
1.599940
1.599750
1.600205
1.599971
1.600265
1.600074
1.599680
1.601377
1.600215
1.600708
1.599717
1.599782
1.600690
1.598976
1.599659
1.600786
1.599154
1.599695
1.599562
1.600203
1.600374
1.599524
1.599836
1.599347
1.599633
1.600434
1.600555
1.599375
1.599870
1.599154
1.600891
1.601102
1.599736
1.599438
1.599651
1.599667
1.600598
1.600067
1.599417
1.599309
1.600281
1.599669
1.600162
1.600084
1.599846
1.599679
1.600149
1.600108
1.600549
1.599343
1.599287
1.600889
1.599456
1.600576
1.600289
1.599558
1.600336
1.599057
1.599938
1.600808
1.600631
1.599701
1.601002
1.599580
1.600590
1.600132
1.599701
1.600623
1.599772
1.600069
1.600616
1.600543
1.600607
1.600248
1.600438
1.600479
1.600173
1.599741
1.600559
1.600437
1.598900
1.600365
1.599665
1.599470
1.600972
1.600788
1.599901
1.600002
1.599743
1.599727
1.599498
1.599919
1.600474
1.600265
1.598738
1.599539
1.600305
1.599723
1.599784
1.600047
1.600661
1.600612
1.601151
1.599977
1.600395
1.600119
1.601125
1.599808
1.599786
1.600437
1.600078
1.600488
1.599402
1.599636
1.600264
1.600166
1.600013
1.600463
1.599671
1.600760
1.600491
1.600837
1.600935
1.601189
1.599979
1.600273
1.599888
1.600190
1.599838
1.600083
1.599639
1.599758
1.600090
1.600292
1.600618
1.600103
1.599617
1.599373
1.600436
1.599720
1.599929
1.600115
1.599400
1.599940
1.600047
1.600161
1.598978
1.599663
1.599831
1.600815
1.600587
1.599347
1.599549
1.600149
1.600829
1.600215
1.599988
1.599873
1.599522
1.599811
1.599884
1.600726
1.600805
1.600324
1.599936
1.599880
1.599719
1.600408
1.600118
1.599856
1.599783
1.600043
1.600463
1.599746
1.600679
1.598949
1.599268
1.599196
1.600996
1.599857
1.601280
1.599736
1.600061
1.600012
1.599730
1.600032
1.599382
1.599931
1.599872
1.599945
1.599999
1.600083
1.599548
1.600386
1.601192
1.599502
1.599242
1.600813
1.600481
1.598815
1.600223
1.600630
1.599179
1.599834
1.600418
1.601787
1.599283
1.600865
1.600428
1.599706
1.599619
1.599596
1.601028
1.599995
1.599584
1.600810
1.599228
1.599766
1.599646
1.599421
1.599599
1.599074
1.600123
1.600253
1.600060
1.599347
1.600255
1.599536
1.599965
1.600726
1.600433
1.598906
1.600006
1.598619
1.599805
1.600633
1.599640
1.599385
1.598294
1.599229
1.599757
1.599716
1.599639
1.599970
1.599192
1.600212
1.600321
1.600668
1.600367
1.600549
1.599279
1.600801
1.600794
1.600015
1.599758
1.600069
1.600512
1.598824
1.600862
1.600090
1.600165
1.600107
1.599273
1.599537
1.600029
1.600123
1.601358
1.600277
1.598839
1.600286
1.599480
1.600289
1.600358
1.600405
1.600152
1.601416
1.600065
1.600021
1.600082
1.598926
1.600254
1.600884
1.599825
1.600664
1.599011
1.601049
1.600404
1.599671
1.599020
1.600634
1.600332
1.600548
1.599599
1.599384
1.599950
1.599539
1.600513
1.600653
1.599669
1.600197
1.599629
1.600228
1.600684
1.600069
1.600106
1.599442
1.599758
1.600196
1.599965
1.600085
1.599910
1.600338
1.600232
1.598991
1.600122
1.599615
1.599086
1.600493
1.598922
1.599024
1.599682
1.600473
1.600082
1.601149
1.600382
1.600082
1.600465
1.600187
1.599486
1.600132
1.601068
1.599696
1.600191
1.599456
1.599702
1.599006
1.599971
1.600380
1.601976
1.599767
1.599169
1.600194
1.599826
1.600412
1.599958
1.599845
1.600190
1.599999
1.600854
1.600233
1.599745
1.599337
1.600745
1.599752
1.600275
1.599902
1.600919
1.598787
1.599359
1.599620
1.599622
1.598657
1.599903
1.599481
1.600002
1.600326
1.599752
1.599230
1.600998
1.599439
1.599862
1.600156
1.600781
1.599146
1.599786
1.600456
1.599938
1.600484
1.600322
1.600525
1.600755
1.599569
1.599231
1.598924
1.599616
1.600162
1.600376
1.599897
1.599608
1.599645
1.600144
1.599561
1.599254
1.599498
1.599161
1.599667
1.600003
1.599676
1.600532
1.599486
1.600436
1.599920
1.600663
1.600170
1.599203
1.600595
1.600883
1.599310
1.600242
1.599405
1.599669
1.601047
1.600265
1.599917
1.599682
1.600023
1.600711
1.600644
1.600731
1.599653
1.600005
1.599997
1.599558
1.600291
1.600276
1.599698
1.600880
1.600229
1.599636
1.599794
1.599464
1.600049
1.599131
1.599853
1.600191
1.601102
1.600053
1.600515
1.599928
1.600195
1.599862
1.598996
1.600689
1.600194
1.599561
1.599870
1.600489
1.600162
1.599297
1.598636
1.599578
1.599611
1.600570
1.598998
1.599272
1.599887
1.599475
1.599893
1.599569
1.599499
1.600350
1.600787
1.600178
1.600013
1.600066
1.600112
1.600014
1.601172
1.599802
1.600191
1.600005
1.599489
1.599558
1.600561
1.599652
1.600481
1.599165
1.600104
1.599725
1.599918
1.599976
1.598828
1.598760
1.599444
1.599818
1.599666
1.600785
1.600176
1.599892
1.600138
1.600181
1.599601
1.600167
1.599499
1.599930
1.599694
1.600852
1.600871
1.600350
1.600238
1.600454
1.599698
1.600881
1.600169
1.599994
1.600852
1.599361
1.601195
1.599702
1.600284
1.599566
1.600133
1.600100
1.600525
1.600372
1.600406
1.599534
1.600286
1.599203
1.600629
1.600504
1.599283
1.599767
1.600813
1.600876
1.600921
1.599991
1.599251
1.599600
1.599696
1.599229
1.600397
1.600283
1.600363
1.600654
1.599588
1.599976
1.599346
1.600145
1.600151
1.600012
1.600386
1.600196
1.599182
1.599450
1.600623
1.599606
1.600034
1.599599
1.600443
1.601051
1.599239
1.599815
1.599989
1.600406
1.599856
