         0   -7.9160
    0.1000   -4.8891
    0.2000   -2.2771
    0.3000   -0.6462
    0.4000    0.9205
    0.5000    1.9003
    0.6000    2.5988
    0.7000    2.9232
    0.8000    3.3156
    0.9000    3.4560
    1.0000    3.4722
    1.1000    3.4207
    1.2000    3.3217
    1.3000    3.3552
    1.4000    3.2095
    1.5000    2.9854
    1.6000    2.9603
    1.7000    2.6144
    1.8000    2.5161
    1.9000    2.4175
    2.0000    2.2152
    2.1000    1.7895
    2.2000    1.7951
    2.3000    1.6831
    2.4000    1.5286
    2.5000    1.3177
    2.6000    1.3267
    2.7000    1.2009
    2.8000    1.2406
    2.9000    1.0269
    3.0000    0.9969
    3.1000    0.8311
    3.2000    0.5862
    3.3000    0.5522
    3.4000    0.5611
    3.5000    0.5350
    3.6000    0.5832
    3.7000    0.3939
    3.8000    0.3705
    3.9000    0.3156
    4.0000    0.3007
    4.1000    0.2009
    4.2000    0.2382
    4.3000    0.1982
    4.4000    0.3104
    4.5000    0.2409
    4.6000    0.2528
    4.7000    0.1336
    4.8000    0.3744
    4.9000    0.1583
    5.0000    0.0415