      0.45425709      0.45491507
      0.47159005      0.46182743
      0.48969018      0.45849024
      0.50156281      0.45538760
      0.51610061      0.47530672
      0.49669790      0.49167760
      0.47856371      0.46404301
      0.46710746      0.43569585
      0.45613109      0.45533523
      0.49246446      0.47580879
      0.53247363      0.49957653
      0.54529021      0.54742280
      0.58476050      0.56839919
      0.62600602      0.60400113
      0.64757766      0.64075829
      0.66783037      0.59774462
      0.60452510      0.54439539
      0.54950892      0.54844919
      0.57798577      0.55255569
      0.60703544      0.57894133
      0.64215843      0.61176581
      0.67698824      0.61655134
      0.63924132      0.62058267
      0.60319915      0.59466095
      0.60507284      0.56474434
      0.60647914      0.61695087
      0.62658011      0.67579325
      0.64442616      0.63767642
      0.60913786      0.59880866
      0.56088724      0.61808101
      0.51533725      0.44066849
      0.45148639      0.41623589
      0.41277075      0.42363825
      0.43995064      0.43549822
      0.45622097      0.47457373
      0.48717151      0.53291134
      0.50911823      0.54549535
      0.51904534      0.56218669
      0.52616581      0.51388659
      0.48306110      0.46033905
      0.44107442      0.46646780
      0.46569299      0.50164918
      0.57627134      0.58616469
      0.58126920      0.55928337
      0.60211824      0.53697046
      0.62194825      0.63629448
      0.64484337      0.73091435
      0.66778228      0.67837472
      0.61455986      0.61089616
      0.57484072      0.56700948
      0.59562210      0.52190436
      0.63739478      0.57725573
      0.63128495      0.60437710
      0.62571746      0.59763660
      0.60163284      0.59042394
      0.57201040      0.60103853
      0.59601665      0.62978427
      0.55504590      0.57191939
      0.55627031      0.54990277
      0.55734344      0.56804106
      0.59480815      0.59478331
      0.62128089      0.61839712
      0.65893340      0.65204521
      0.71316804      0.67701420
      0.76119544      0.71815152
      0.76110531      0.76321919
      0.76102068      0.72158781
      0.73355038      0.66166959
      0.71446358      0.69644061
      0.70082417      0.73166543
      0.67967516      0.66901533
      0.68013837      0.63024830
      0.68062228      0.68447710
      0.69524446      0.73959666
      0.70859293      0.70574171
      0.71905552      0.66016577
      0.74233211      0.72903476
      0.72902242      0.76420311
      0.72004492      0.72297683
      0.72099017      0.67602020
      0.72189022      0.72416680
      0.74089589      0.77171443
      0.75998864      0.73647405
      0.75647011      0.70121372
      0.75300163      0.74274253
      0.75135429      0.79093332
      0.74990766      0.72973112
      0.68813446      0.67421235
      0.62994734      0.66020211
      0.65192725      0.64475288
      0.67434335      0.66031082
      0.65733488      0.67574033
      0.63966954      0.67958513
      0.60863394      0.68383256
      0.58332147      0.58421799
      0.56951639      0.48732126
      0.55490898      0.51660145
      0.91553343      0.85755505
      0.95741209      0.89749404
      0.89784048      0.92797673
      0.83396234      0.86318680
      0.78858648      0.79564983
      0.74034914      0.71453489
      0.70630674      0.65010881
      0.67032193      0.68796199
      0.69961432      0.72388649
      0.73143999      0.76808781
      0.75571427      0.80733249
      0.78033786      0.83072566
      0.86957217      0.85508483
      0.96560690      0.85899606
      0.91557811      0.86293870
      0.87197541      0.87294858
      0.84162104      0.88356814
      0.81242894      0.78220857
      0.77129793      0.68253888
      0.72896048      0.70602978
      0.70308010      0.73034052
      0.67806788      0.68985825
      0.69164722      0.64696785
      0.70508818      0.66460304
      0.68902875      0.68246251
      0.67372745      0.69726650
      0.72748905      0.71206133
      0.78081216      0.76506135
      0.77155134      0.81574813
      0.76203935      0.78296007
      0.75646367      0.74985531
      0.75079557      0.72933860
      0.72097102      0.70859014
      0.68890463      0.68910298
      0.65205187      0.68701791
      0.66575277      0.68518923
      0.67987500      0.67813522
      0.70841699      0.67109011
      0.73917625      0.67823484
      0.71303776      0.68477169
