897.591
829.596
948.064
977.471
928.873
886.902
1001.77
805.379
829.647
843.613
915.210
836.196
845.121
867.809
898.563
858.898
903.374
872.406
820.349
888.949
901.514
959.782
917.275
809.336
956.385
896.699
907.940
960.622
925.660
860.177
890.672
952.292
921.591
959.242
881.342
962.394
899.243
1005.72
883.526
908.532
961.205
879.154
951.752
809.815
832.216
897.507
933.546
978.764
885.516
901.805
845.031
1013.16
860.571
901.979
876.094
917.044
891.249
948.986
927.445
835.916
813.424
936.096
868.855
931.864
921.333
884.708
943.440
892.815
931.435
835.466
917.259
861.500
906.971
864.681
919.935
940.533
916.537
931.800
926.707
863.313
871.260
914.377
857.357
950.331
911.374
906.837
875.960
882.991
809.348
920.185
891.868
944.492
873.355
864.276
835.103
897.074
928.732
873.267
925.664
886.475
915.002
887.918
930.607
916.056
936.846
936.715
828.168
960.950
942.408
904.308
897.206
866.923
930.666
922.719
990.033
947.265
841.847
833.052
954.331
903.573
1041.91
871.977
836.820
878.825
857.095
877.314
788.188
901.460
978.747
973.051
966.363
982.280
890.722
895.352
907.866
945.401
922.786
967.010
883.571
876.487
978.082
882.637
935.133
974.955
928.914
918.855
899.344
867.310
978.601
867.206
910.240
942.234
900.626
883.986
891.015
921.734
900.731
821.431
961.521
907.888
950.436
939.297
949.546
899.052
999.945
870.993
783.603
914.314
953.712
951.100
976.563
897.826
885.893
899.651
936.958
840.930
881.131
1021.16
949.539
861.336
868.600
858.135
931.643
962.475
915.676
917.083
810.603
925.635
913.230
819.137
971.046
896.838
921.945
972.188
924.594
857.026
882.688
958.067
886.141
944.298
937.276
917.645
1015.42
920.210
898.603
896.825
861.053
980.506
949.520
953.000
830.710
891.132
959.160
929.159
881.636
927.903
880.400
879.441
856.443
833.956
870.988
907.045
865.782
895.735
937.716
864.440
896.084
908.911
936.139
860.753
887.426
967.386
923.641
930.660
863.679
942.707
906.672
814.036
776.196
934.279
892.278
891.819
897.596
945.529
953.634
964.139
888.210
973.873
1011.68
1063.53
879.134
915.867
788.600
847.350
795.925
915.453
871.715
911.436
949.675
870.421
793.696
921.675
922.534
971.039
836.977
911.244
879.347
986.176
961.516
872.078
803.896
960.371
873.178
892.508
848.554
