50.4119
51.1090
50.8870
49.5908
50.4907
49.7341
50.1395
50.4710
50.5372
49.3091
49.8183
49.1589
50.0465
51.4305
50.5813
49.6871
48.0136
49.7941
49.9543
51.6382
49.6683
49.1655
50.1453
50.0601
50.8900
48.8751
48.9816
49.5860
50.5827
50.5937
49.3982
49.7859
50.3816
51.1527
51.6437
49.8653
48.0838
51.3982
50.0636
50.2059
51.5923
49.2901
49.1079
50.5484
49.8570
49.5170
50.0343
48.4814
49.5560
49.9187
50.7061
50.2390
49.2783
50.4938
50.2414
49.6179
49.6733
51.7114
51.3200
47.6336
49.5428
51.3484
49.8717
50.1023
51.3515
51.1386
50.3332
51.0798
51.1116
50.7024
50.6766
50.6140
48.7850
50.6054
51.8952
49.6390
49.0387
50.0616
49.4556
48.6121
49.2548
51.7118
49.5286
49.8345
47.5590
51.3532
50.9247
49.6892
50.5336
49.4146
50.9894
49.9491
50.6563
50.7460
51.2844
49.6935
49.9027
51.6012
49.8576
50.1024
51.0398
47.6647
49.9579
48.6166
50.0357
48.6768
49.4110
49.1721
50.5315
50.1918
48.9380
48.0084
50.1364
49.4385
49.8104
50.1961
49.2396
50.2086
49.6599
51.4344
50.5968
51.1738
49.2403
51.2004
48.8761
49.1281
48.8851
49.4397
49.6452
51.6395
50.8793
49.5872
50.0173
49.6341
49.3989
51.5888
50.4329
49.9793
50.6348
48.7834
50.5316
48.5813
48.0319
50.3342
50.0015
49.3166
49.3326
49.3131
50.2365
50.7455
50.8218
51.1895
49.2882
50.4368
48.8946
50.5826
47.8236
50.5151
49.7328
48.5349
49.4355
49.0623
49.3970
49.2730
49.7739
49.4314
50.7186
51.0554
50.9535
49.5114
49.8361
51.6285
51.7498
49.8750
50.1164
48.9743
51.2517
49.5798
49.6466
50.0578
50.1702
48.3067
51.2971
50.5095
50.8411
49.1842
49.7238
49.0762
49.0712
49.7415
50.3789
51.6365
51.1626
51.7133
48.1931
51.8386
48.5859
50.2184
51.3467
49.1787
51.4014
50.9038
50.5004
49.4054
50.1712
50.2233
48.3683
51.0007
50.9409
50.3726
49.9384
49.1237
51.0593
51.1352
49.8072
50.2206
49.8804
50.0226
49.6171
50.3344
50.0047
48.6390
49.5463
49.2120
50.4575
49.0605
50.2700
48.4893
50.5658
50.6687
49.8336
49.1557
47.6356
49.6633
49.6424
49.6723
48.9741
49.0218
51.0528
47.9072
50.6693
50.0899
49.9084
50.7866
49.7381
49.2674
50.7786
51.2692
49.8566
49.8774
49.7986
51.7407
50.1521
47.4059
48.9819
50.5168
51.0163
49.6285
50.9650
49.4020
50.5732
50.7118
51.9420
49.6032
48.5720
50.9569
48.4321
50.8885
50.5525
48.1615
49.1531
49.3244
50.1800
51.1803
48.1016
49.9078
50.2117
48.8708
49.9480
51.1000
49.4811
50.2560
48.4487
47.6240
49.7640
52.3910
48.4692
47.8233
51.1541
50.4590
48.2707
50.4176
50.7634
49.7126
49.4847
49.2013
49.6215
50.8271
51.1789
50.7302
49.5162
51.3688
51.0192
50.5502
47.4819
50.6016
50.3471
50.3969
50.4322
48.8430
50.6009
50.0030
52.3876
51.6420
50.5948
48.0273
50.6140
50.0223
49.5096
49.5464
51.0706
50.3901
51.9686
50.9092
51.3070
51.2214
51.2311
51.2344
50.0380
49.2434
50.2005
49.8501
49.9773
49.4172
50.0832
49.9333
50.3504
48.9769
51.6377
49.6063
50.8234
49.9416
50.2564
49.9500
48.9267
51.4276
50.4496
50.7305
50.2572
50.7050
48.4066
48.4817
49.0949
51.1794
49.2687
48.5442
47.7909
49.7144
50.0880
49.7044
49.9025
51.7957
47.5522
50.3914
49.2581
50.7322
49.4493
49.1239
50.3353
50.4113
50.8315
51.2944
50.1725
50.1593
50.1912
50.2506
51.6112
49.9226
48.3798
50.1283
50.5860
48.6764
48.8210
47.9760
47.6433
50.5510
49.5116
50.6320
48.4700
49.9731
50.7501
49.0927
50.4452
48.9771
48.4541
49.7363
49.2166
49.5385
50.1991
51.6010
49.9868
49.4088
49.4117
49.1842
50.2835
48.7698
50.3284
50.9047
48.9863
49.1605
49.2080
50.2037
49.8206
48.9216
48.0318
50.7427
49.9804
50.3750
50.5938
51.3136
49.4008
48.5493
51.5808
50.6780
48.8691
49.6104
50.3931
51.5839
51.7672
51.0956
49.4792
50.8741
49.3542
52.2547
51.4315
48.3314
48.5975
50.2088
50.7857
48.7327
50.6901
50.6633
50.5014
49.2508
48.7285
49.8243
51.9535
49.3538
50.0047
49.6780
50.9121
49.9845
51.5844
52.0683
50.8809
48.2923
49.7628
50.0137
48.4134
49.0364
50.9452
49.0460
49.1716
50.3537
50.5986
49.1578
51.6394
48.2302
51.3907
48.1371
51.5122
49.0766
49.6796
49.1298
50.3433
48.2514
50.8621
51.2234
50.0571
46.5538
49.1143
51.1829
49.1352
49.3196
48.9069
50.4360
49.8941
49.8042
51.6896
48.9828
49.1717
50.5671
51.2312
50.1652
50.8131
50.9991
49.3078
52.8270
47.4737
52.5666
50.5835
51.1258
50.3247
49.0974
50.7722
50.4286
49.8298
49.8603
51.1606
48.6549
48.2193
50.7965
50.7460
50.7317
48.0792
48.4412
48.8903
50.5105
50.3074
49.1005
48.7961
48.2617
51.3800
49.5792
51.0069
50.8512
49.5584
49.7701
50.4437
52.4424
48.5025
48.8579
49.5419
48.8527
49.5841
50.0275
49.4351
48.7886
48.6401
49.3976
50.7313
50.9391
50.4738
49.0748
50.9358
52.0126
48.9829
50.3966
49.3010
48.6175
48.5447
48.9049
50.1420
50.5648
51.6724
50.1837
49.1468
50.7138
49.4020
51.1118
50.3500
49.3373
49.5549
50.1130
48.7237
52.5054
48.3506
49.0057
48.6043
49.4844
49.6218
51.0026
49.5951
48.6966
48.8809
50.7432
51.0103
49.6999
49.9868
50.9008
51.9005
52.9633
51.2037
48.3884
49.9870
49.7066
48.9853
49.5625
49.7810
49.9028
47.9725
49.6193
50.9909
48.7902
50.9618
49.5079
49.4547
49.5196
51.0991
50.5143
49.1212
50.0373
50.1690
49.5433
49.8279
50.1087
50.4983
51.1413
51.1728
49.2539
50.2839
48.4536
50.4669
47.8988
50.7788
49.2804
51.5065
49.7147
49.6519
50.6125
51.7650
50.3924
50.4378
51.6116
49.3196
51.0698
50.0491
50.8834
48.8432
50.7052
49.6851
48.9798
51.6841
48.2699
49.2152
49.9119
49.7662
48.8936
48.6810
51.0858
49.6795
50.6030
50.4238
48.7922
50.3696
51.7084
49.8107
49.5292
50.2404
49.7297
49.6614
50.8619
49.7251
50.7881
49.3228
50.9556
49.7365
50.3488
49.5549
49.1286
49.8279
50.1760
49.8530
50.6646
50.6522
48.3907
48.5397
50.8031
50.9409
49.7587
49.5015
50.8327
49.7375
49.6111
48.0207
50.2130
50.8520
49.3570
48.4601
50.9724
50.3826
51.1381
48.6701
49.1371
49.9994
49.2011
49.4248
48.9472
49.6864
51.8319
51.8591
47.9301
49.1306
48.9239
50.1919
49.2536
49.8528
49.8624
48.7323
49.7116
52.1386
50.1481
49.3717
49.7814
48.8893
51.6752
50.2861
49.9817
51.1228
50.6365
49.8862
50.7483
48.4242
51.6212
51.7401
50.4831
49.5911
48.2475
48.3431
50.6335
50.9306
50.0087
51.2594
50.4975
48.6638
49.4797
49.7868
48.2483
50.1761
48.8927
49.2983
49.6442
48.4493
47.8805
51.5710
50.1277
51.3416
50.2533
50.6590
49.7710
50.4115
50.3641
47.4926
52.4158
51.5129
52.4189
47.9086
49.6572
50.4594
48.7496
49.4828
50.2237
50.1017
49.0008
50.6324
49.5068
50.4040
49.7495
48.9645
48.4545
49.5062
49.0741
50.3041
50.8681
49.3261
51.1773
49.2777
49.8595
48.8534
51.8289
49.0709
51.2348
49.5831
47.7424
50.9472
48.9555
49.0542
50.0283
51.1464
50.7967
49.5498
50.3237
51.0078
52.0739
50.4602
51.3801
50.3962
51.1271
49.3906
50.6883
47.1827
49.8365
49.8589
50.0304
49.3169
50.8697
50.9385
50.9733
48.4383
50.9093
51.4340
51.2703
49.9431
48.5931
49.2561
49.0732
50.9965
49.8711
50.5858
48.9257
49.4836
49.6072
48.7366
52.1441
50.1942
50.5299
49.2848
49.5200
49.4580
52.4055
51.2443
48.0111
49.9989
50.2225
49.6490
51.2180
48.4265
50.4928
49.9806
50.3934
50.9995
50.2331
48.9443
49.5334
49.5320
48.4686
50.2352
50.9593
50.2527
49.2611
49.2716
50.9853
51.7283
49.9276
51.5497
50.0437
49.9655
50.0524
52.0171
49.5818
51.6121
49.8912
50.3746
49.9400
49.9802
50.8707
50.5544
49.8822
49.9044
52.8340
48.2393
51.3971
49.7616
50.0333
51.1168
50.1334
51.5528
48.0610
49.1030
50.1036
49.9553
49.7761
49.0602
48.6050
49.8546
48.8119
49.1662
49.9002
51.5657
50.1654
50.2078
48.5778
48.2801
48.8719
48.4381
50.7499
50.8969
48.3666
50.3289
50.4360
48.2821
49.3468
48.5802
48.6843
50.7768
50.7855
50.2134
50.5361
50.4443
49.7708
48.6146
50.7118
50.4442
50.1364
50.9003
49.0312
51.0498
49.9364
48.7147
49.4194
50.8869
47.9482
48.7238
49.3339
51.0365
50.9082
50.6697
49.8708
51.7747
50.7407
51.4832
50.9464
51.7344
48.7524
48.6874
51.0731
48.5340
51.7812
49.6088
50.3159
49.9475
49.2404
50.6642
50.5439
49.7902
50.8107
48.9100
48.9200
51.5397
48.1369
49.5006
51.4477
50.7962
49.6264
49.7761
50.2603
50.5225
49.7928
50.3706
49.8919
51.1967
51.5837
50.0779
50.2144
50.5074
50.0465
49.6578
50.2924
51.2254
51.7869
49.1075
49.5488
50.1954
49.1837
50.4102
48.5220
49.4251
49.1097
50.2760
50.2765
51.1831
50.5999
49.7602
49.4229
49.2309
49.7458
50.4413
51.5149
50.5097
51.3201
49.5003
50.4983
52.1636
50.2891
52.6826
50.9922
51.3303
49.6531
50.0693
48.8653
50.7355
48.7950
49.2129
50.2522
49.8363
48.6783
48.7215
48.6648
50.7403
50.6138
