   0.0000000e+00   8.3541590e-03
   1.3793103e-01   1.9183506e-01
   2.7586207e-01   3.2288497e-01
   4.1379310e-01   4.6246880e-01
   5.5172414e-01   5.8772269e-01
   6.8965517e-01   6.7710125e-01
   8.2758621e-01   7.9491443e-01
   9.6551724e-01   8.6198388e-01
   1.1034483e+00   9.2540022e-01
   1.2413793e+00   9.2384760e-01
   1.3793103e+00   9.6662245e-01
   1.5172414e+00   9.9413018e-01
   1.6551724e+00   9.9878999e-01
   1.7931034e+00   1.0115461e+00
   1.9310345e+00   1.0113182e+00
   2.0689655e+00   1.0193717e+00
   2.2068966e+00   1.0121454e+00
   2.3448276e+00   1.0229624e+00
   2.4827586e+00   9.9986860e-01
   2.6206897e+00   1.0388558e+00
   2.7586207e+00   1.0446144e+00
   2.8965517e+00   1.0444732e+00
   3.0344828e+00   1.0468027e+00
   3.1724138e+00   1.0297638e+00
   3.3103448e+00   1.0275785e+00
   3.4482759e+00   1.0317081e+00
   3.5862069e+00   1.0118244e+00
   3.7241379e+00   1.0186050e+00
   3.8620690e+00   1.0114009e+00
   4.0000000e+00   1.0033573e+00
