   0.0000000e+00  -1.3629573e-03
   2.1052632e-01   1.9369154e-01
   4.2105263e-01   4.0540657e-01
   6.3157895e-01   6.1305655e-01
   8.4210526e-01   7.2100471e-01
   1.0526316e+00   8.3968957e-01
   1.2631579e+00   9.0247865e-01
   1.4736842e+00   9.5590630e-01
   1.6842105e+00   9.5701598e-01
   1.8947368e+00   9.6230097e-01
   2.1052632e+00   9.8066349e-01
   2.3157895e+00   9.8600636e-01
   2.5263158e+00   9.7564937e-01
   2.7368421e+00   9.6727701e-01
   2.9473684e+00   9.5746916e-01
   3.1578947e+00   9.7929663e-01
   3.3684211e+00   9.6310536e-01
   3.5789474e+00   9.5222229e-01
   3.7894737e+00   9.8774658e-01
   4.0000000e+00   9.6213925e-01
