   1.6832218e-01   3.4544871e+00
   5.6469945e-01   2.4949214e+00
   4.6827142e-02   2.4983200e+00
   2.3345356e-01  -1.7805215e-01
   5.1223962e-02   1.5470957e+00
   4.2795833e-02   3.7915410e+00
   3.8714149e-01   3.3312288e+00
   3.8083624e-01   1.0676705e+00
   4.9325124e-01   7.2443297e-01
   4.7453219e-01  -8.2389163e-01
   8.6827924e-02   3.6645135e+00
   1.9818387e-01  -5.5997103e-01
   4.6417137e-01   2.4804680e+00
   3.1794773e-01   1.1205798e+00
   4.8594336e-02   1.4824973e+00
   4.6650254e-01   3.1578550e+00
   5.8686928e-01   3.6227622e+00
   1.2443763e-01   3.0574425e+00
   3.5057538e-01   1.5607893e+00
   3.1063837e-01   2.0876448e+00
   1.3098730e-01  -9.0887957e-02
   4.5148373e-01   1.5006753e+00
   5.6863304e-01   3.3288433e+00
   9.7147203e-02  -8.9833291e-01
   2.2098101e-01   1.9955596e+00
   4.7318785e-01  -1.1637223e+00
   5.7776261e-02  -1.9408626e-01
   5.7941285e-02   3.4736779e-03
   3.4454995e-01   4.3035969e+00
   2.1008554e-01   2.4152557e+00
   1.5961642e-01   2.0829995e+00
   3.6110301e-01   3.0483182e+00
   4.7345392e-01  -1.1877535e+00
   3.9240370e-01   6.5675865e-01
   4.0083601e-01   2.6086792e+00
   3.1916253e-01   1.9318675e+00
   3.6963744e-01   2.5116825e+00
   3.2753663e-01   3.8400064e+00
   1.1070498e-01   2.0371256e+00
   3.8874590e-01   1.4605501e+00
   5.2434759e-01   2.9858316e+00
   4.7939801e-01   9.5046364e-01
   4.7936800e-01   9.5428717e-01
   3.6222236e-02   4.6677881e-01
   4.4106770e-01   1.7219315e+00
   4.0673104e-01   2.2765307e+00
   5.8945417e-01   8.4601519e-01
   4.0003180e-01   1.5439545e+00
   2.6762347e-01   3.5187534e+00
   2.6987442e-01   2.2405236e+00
   5.8181937e-02   3.0487876e-01
   5.5662891e-01  -1.2032573e+00
   4.8248817e-01   2.3139700e+00
   4.0727668e-02   1.3029286e+00
   3.8621396e-01   4.1809947e+00
   1.4370978e-01   4.3374813e+00
   1.7489846e-01  -5.7546708e-01
   4.8775661e-01   2.6034607e+00
   2.5473033e-01  -9.0514055e-01
   5.5947240e-01   1.9270976e+00
   3.5222761e-01   1.2059224e+00
   3.1031321e-01   2.3004810e+00
   8.8417325e-02   1.8161476e+00
   5.4867876e-01   1.4671187e+00
   5.4072695e-01   1.3020780e+00
   3.3615868e-01   4.7858592e-01
   3.2390286e-01   2.6463144e+00
   4.7632474e-01   5.1155812e-01
   4.9189523e-01   5.4979429e-01
   4.5388634e-01  -1.6904576e-01
   4.3274132e-01  -4.4895615e-01
   4.9452471e-01   3.5645313e-01
   9.3686566e-02   6.6671580e-01
   1.9476226e-01   2.2818548e-01
   8.3185647e-02   3.0726836e+00
   5.0577071e-02   1.5609008e+00
   2.0598233e-01   2.4258108e+00
   5.7002665e-01   2.0546671e+00
   4.3233306e-01  -5.2283090e-01
   1.0018487e-01   1.7550297e+00
   4.5853451e-01   7.6249457e-01
   4.7980776e-01   9.1451710e-01
   5.7365867e-01  -1.1725848e+00
   1.3419998e-01   1.7075513e-01
   4.3746819e-01   9.5706355e-02
   4.9221099e-01   6.1882449e-01
   2.7485045e-01  -6.1031230e-01
   4.0936610e-01   2.5980096e+00
   1.3406335e-01   1.0900927e-01
   5.6428830e-01   2.4748568e+00
   1.0708095e-01   2.2775459e+00
   1.1436329e-01  -1.4463906e+00
   2.8719847e-01   3.2670339e+00
   7.1409510e-02   2.2214793e-01
   2.1064404e-01   2.0834340e+00
   1.4150212e-01   2.2854204e+00
   2.1517770e-01  -1.3981380e+00
   3.7474552e-01  -6.8431009e-01
   5.7488663e-01  -5.8410653e-01
   7.7813819e-02   1.0839743e+00
   1.1726997e-02   1.0177428e+00
   3.8792296e-01   2.4008571e+00
   3.8091231e-02  -5.9879156e-02
   1.4213286e-01   3.0863704e+00
   4.3741903e-01   1.1128584e-01
   1.0254083e-01   3.8733313e+00
   2.7759003e-03   3.8980627e+00
   2.8208309e-01   1.9082767e+00
   5.4852558e-01   1.4971839e+00
   6.8948322e-04   2.4265924e+00
   2.9951344e-01   8.3679056e-01
   3.7286258e-01  -1.0649593e+00
   5.2823803e-01   3.1957544e+00
   2.5022872e-01   1.5280119e+00
   4.0680219e-01   2.2733435e+00
   1.7221141e-01  -6.4228423e-01
   9.1479999e-02   4.6295423e-01
   4.9998419e-02   1.4998013e+00
   3.9510355e-01   2.3953133e-02
   2.2117882e-01   1.9663048e+00
   5.7796823e-01   1.0938986e+00
   1.7314968e-01  -1.1561109e+00
   3.6377506e-01   2.5337493e+00
   6.3950355e-02   2.5039835e+00
   2.4068301e-01   1.2503497e+00
   2.0633298e-01   2.3291378e+00
   6.4553640e-02   2.4806189e+00
   4.1620235e-01  -7.0198799e-01
   3.2628495e-01   4.1634677e+00
   2.2605993e-01   4.1069170e+00
   3.2293675e-01   2.0944715e+00
   3.4724305e-01   2.1498741e+00
   8.4989917e-02   4.4486697e+00
   2.3494398e-01   4.3746959e-01
   5.3366258e-01  -8.0340779e-02
   1.5617607e-01  -1.3634822e+00
   1.4418351e-01   4.3816192e+00
   1.5860264e-01   8.5160260e-01
   2.8747336e-01   2.9460845e+00
   4.8429994e-01   4.1178034e+00
   5.9128655e-02   1.5236903e+00
   2.0433364e-01   3.3307726e+00
   4.8613669e-01   4.2300497e+00
   4.6737099e-01   3.4767908e+00
   2.5330853e-01   3.7860513e-01
   5.2070603e-01   2.0358203e+00
   1.3548642e-01   5.2192383e-01
   5.1480594e-01  -1.4822320e+00
   3.1575850e-01  -1.0759590e+00
   4.3190693e-01  -5.0758512e-01
   2.7608890e-01   3.4772279e-01
   1.5458075e-01  -7.8984116e-01
   5.0431556e-01   3.3419156e+00
   5.2034813e-01   2.0760296e+00
   4.1283949e-01  -3.0990682e-01
   3.2758203e-01   3.8074408e+00
   2.6494094e-01   2.5357860e+00
   5.4287858e-01   3.8638320e+00
   4.2490953e-01   3.4310324e+00
   3.2765833e-01   3.7496348e+00
   4.4847473e-01   1.5093245e+00
   5.6295785e-01   2.7639309e+00
   1.0013388e-01   1.6848663e+00
   5.6522995e-01   2.6112944e+00
   4.1874696e-01   1.7328662e+00
   2.0964028e-01   2.5590392e+00
   4.9799647e-01  -6.7555447e-01
   2.4416390e-01   4.3831001e+00
   5.8800113e-01   2.3060794e+00
   1.5039923e-01   1.5463007e+00
   3.8773958e-01   2.6242093e+00
   5.5877929e-01   1.0816111e+00
   4.0933458e-01   2.6002892e+00
   5.4939900e-01   1.4375860e+00
   5.2468974e-01   3.2587041e+00
   2.8208363e-01   1.9087852e+00
   5.5946196e-01   1.9154636e+00
   4.5356294e-01   1.4002402e-01
   1.5083187e-01   1.5701424e+00
   3.2578767e-01   3.9986669e+00
   3.5807946e-02   5.2087833e-01
   5.5310441e-01   5.6228158e-01
   2.4194338e-01   2.8537315e+00
   4.1638916e-01  -5.2025532e-01
   1.4371927e-01   4.3400157e+00
   1.3637091e-01   4.3478612e-01
   1.5261930e-01   9.5324137e-01
   3.4545619e-01   3.7600382e+00
   1.7397396e-01  -1.0957201e+00
   4.5205732e-01   1.2952924e+00
   4.9007098e-01   5.2224076e-01
   4.0224733e-03   3.5149342e+00
   8.1505067e-02   1.4292523e+00
   2.3946981e-01   1.7207101e-01
   3.2246712e-01   1.9564259e+00
   4.5854456e-01   7.7564220e-01
   3.6901076e-01   3.0923354e+00
   2.2538705e-01   3.7729370e+00
   2.5416251e-02   3.7916427e+00
   2.8234294e-01   2.1634917e+00
   1.8057151e-01   9.8518685e-01
   4.6672117e-01   3.2557580e+00
   4.0452391e-01   3.2115612e+00
   1.0534877e-01   2.7101267e+00
   5.8884843e-01   1.3575002e+00
   1.9079602e-01   3.9473255e-01
   6.6610450e-02   3.2070671e+00
   2.0827989e-01   2.4886539e+00
   5.4403148e-02  -6.4230363e-01
   2.5752292e-01  -4.7771124e-01
   2.2072227e-01   2.0335733e+00
   1.8994259e-01   5.7253218e-01
   4.5229118e-01   1.1692840e+00
   5.9293342e-01   7.2328423e-01
   2.0229393e-01   3.8071804e+00
   3.7615604e-01   3.9583808e-01
   9.1274433e-02   4.2902755e-01
   2.9042715e-01   4.2807275e-01
   1.9067875e-02   1.8940791e+00
   2.9743004e-02   1.2402994e+00
   1.5702505e-01  -9.4279024e-01
   1.3872504e-01  -7.7644855e-02
   2.6107929e-01   3.0429897e+00
   7.6680625e-02   7.2660696e-01
   2.9978250e-01   1.2001900e+00
   5.4953718e-01   1.4478560e+00
   2.2307343e-01   2.1516971e+00
   2.5407589e-01  -3.4791538e-01
   1.3715720e-01   1.9756866e-01
   2.9306233e-01   7.2782619e-01
   5.5670220e-01  -1.1632172e+00
   3.0420711e-01   3.4077836e+00
   2.4482319e-01   4.1870175e+00
   9.2767883e-03   2.6033635e+00
   5.7473596e-01  -6.9089217e-01
   1.3806241e-01  -5.5074824e-02
   5.1096564e-01   1.8180868e+00
   1.7175817e-02   3.2386311e-01
   8.9427109e-02   8.6494712e-01
   3.5163978e-01   1.4592627e+00
   1.2939533e-01   1.7060893e+00
   1.6682043e-01   3.2974182e+00
   5.8622971e-01   4.1705143e+00
   2.0016367e-01   1.7258829e+00
   1.0670134e-01   2.2784015e+00
   5.5127889e-01   1.5395220e+00
   3.7381199e-01  -1.1429838e+00
   5.0358964e-01   3.7283449e+00
   2.2605581e-02   1.9877172e+00
   2.6274834e-01   2.8339826e+00
   2.5769423e-01  -2.8878032e-01
   7.3868042e-02  -1.1284351e+00
   5.6443374e-02  -1.2872727e+00
   5.6198196e-02  -1.3592072e+00
   2.3038686e-01   4.6192255e-01
   2.7399720e-01  -1.0876532e+00
   9.2040374e-02   5.8205671e-01
   4.2172441e-01   1.9088145e+00
   3.2817467e-01   3.2651931e+00
   3.9925022e-01   4.9755695e-01
   2.7700705e-01   8.8292005e-01
   4.2292161e-01   2.0886025e+00
   3.5057319e-01   1.5606442e+00
   3.5601939e-01  -1.3832346e+00
   3.6746298e-01   3.4955427e+00
   5.0209005e-02   1.5257073e+00
   1.5686084e-01  -1.0636683e+00
   1.1485541e-01  -1.4769693e+00
   3.6382614e-01   2.5241270e+00
   3.5311498e-01   5.5299541e-01
   6.6911741e-02   3.3337353e+00
   4.1214853e-02   1.9108094e+00
   2.0633202e-02   2.0455573e+00
   4.2485974e-01   3.3925021e+00
   3.4514942e-01   3.9909047e+00
   4.9466437e-01   2.8272345e-01
   9.4410236e-02   4.1286273e-01
   9.2266592e-03   2.6049044e+00
   2.5364830e-01   5.8597781e-02
   2.8218194e-01   2.0029623e+00
   2.9650849e-01  -7.6693821e-01
   6.3885009e-02   2.5139911e+00
   5.8267177e-01   2.5100551e+00
   4.4513635e-01   3.9998223e+00
   1.1300852e-01  -4.9526450e-01
   5.4256937e-01   3.5739723e+00
   4.6069952e-01   2.9133369e+00
   2.6857537e-01   3.3568799e+00
   5.3102065e-01  -1.1544619e-01
   2.1912389e-01   1.9169747e+00
   5.7461556e-01  -7.7124999e-01
   3.7261102e-01  -9.3623157e-01
   5.4708908e-01   2.2729498e+00
   5.9180122e-01   5.2897616e-01
   3.5106915e-01   1.5623999e+00
   5.4132862e-01   2.0586365e+00
   4.8983858e-01   6.1984141e-01
   3.1826901e-01   1.4001629e+00
   5.8022095e-01   9.2491431e-01
   4.0651273e-01   2.2979241e+00
   2.6963248e-01   2.5170927e+00
   1.5231503e-01   1.1550868e+00
   3.1559862e-01  -1.1857672e+00
   5.9668470e-01  -8.2508834e-01
   4.6465189e-01   2.4893875e+00
   1.5890326e-01   1.2410631e+00
   3.9278868e-01   7.1213693e-01
   5.1582275e-01  -1.0277842e+00
   6.5708781e-02   2.7895639e+00
   4.4814280e-01   1.6163240e+00
   1.5706484e-01  -9.1088744e-01
   3.8295086e-01   2.8152960e+00
   3.5711702e-02   5.2514313e-01
   3.1767619e-01   8.5595523e-01
   1.7121757e-01   4.6782580e-01
   3.2929514e-02  -3.9139788e-01
   3.9650491e-01  -7.6560485e-01
   1.8044655e-01   9.5760201e-01
   1.9052637e-01   4.1308903e-01
   8.9848355e-02   6.1514333e-01
   5.6592753e-01   2.8867965e+00
   3.5634275e-01  -1.3222322e+00
   1.8635027e-01   4.0850475e+00
   1.5424744e-01  -5.0522773e-01
   4.9926686e-01   5.1836595e-01
   2.9345093e-01   7.0687928e-01
   3.1216036e-01   4.9773398e-01
   4.1816521e-01   1.3143133e+00
   4.1854875e-01   1.6079261e+00
   2.5841688e-01   6.0875133e-01
   2.6288311e-01   2.7889256e+00
   2.3767812e-01   3.3199394e-02
   5.7617695e-01   4.1059665e-01
   7.2246356e-02  -6.7213398e-01
   3.4876725e-01   1.4540383e+00
   3.8882017e-01   1.3854828e+00
   4.6753127e-01   3.5069470e+00
   1.1848809e-01   1.5659227e+00
   1.1867292e-01   1.6884294e+00
   4.6140102e-01   3.0891320e+00
   2.4234342e-01   3.3313684e+00
   4.3830171e-01  -8.5488148e-02
   2.6516428e-01   2.5917452e+00
   5.2691258e-01   4.1414292e+00
   2.1022048e-01   2.3506587e+00
   5.6246194e-01   2.9258959e+00
   5.8426703e-02   6.2156998e-01
   2.5771257e-02   3.9908683e+00
   4.7610402e-01   3.5865223e-01
   2.5416139e-01  -4.2701240e-01
   3.4985753e-01   1.4822733e+00
   5.3913225e-01   1.8786416e-02
   1.6120254e-01   3.0672606e+00
   3.4920884e-01   1.4302306e+00
   3.2936626e-01   1.7456427e+00
   1.3532715e-01   5.0827700e-01
   5.7689004e-01   8.3172816e-01
   8.7177849e-02   3.2903754e+00
   1.4063317e-01   1.1924765e+00
   2.3417174e-01   1.5820137e-01
   1.0225412e-01   3.7925840e+00
   2.4966288e-01   1.4599687e+00
   4.6132568e-01   3.0832566e+00
   1.8294027e-02   1.4201708e+00
   4.7924102e-01   9.7159300e-01
   3.1151143e-01   1.2638654e+00
   1.1502498e-01  -1.4450064e+00
   2.7597484e-01   2.6365743e-01
   2.6499899e-01   2.5487083e+00
   1.9094820e-01   3.9739755e-01
   7.9769434e-02   9.1626632e-01
   1.0957056e-01   2.5723260e+00
   3.8247992e-01   2.3052983e+00
   4.0208736e-01   3.7195245e+00
   3.4653651e-01   2.7657906e+00
   2.9332290e-01   7.1983244e-01
   7.9052002e-02   9.9946921e-01
   5.2968433e-01   1.3175422e+00
   3.9160065e-01   4.8637994e-01
   2.9661103e-01  -8.0260473e-01
   7.0333173e-02   1.6592802e+00
   4.5504048e-02   3.7207097e+00
   2.9267678e-01   6.9955167e-01
   3.8594656e-01   4.3334643e+00
   4.8975900e-01   6.6003876e-01
   5.3177480e-01  -4.8098225e-01
   3.9179338e-01   5.2725500e-01
   3.2740928e-01   3.9238928e+00
   5.4547791e-01   3.7422872e+00
   3.0813965e-01   2.4579599e+00
   4.4570048e-01   3.5517693e+00
   4.9766635e-01  -8.2065155e-01
   3.0459668e-01   3.1653951e+00
   4.9116875e-01   4.1537859e-01
   3.1471724e-01  -1.4870217e+00
   4.2601825e-01   4.0930511e+00
   2.5327853e-01   4.0612522e-01
   1.5566237e-01  -1.3602977e+00
   4.7577644e-01   1.1175650e-01
   2.2788706e-01   3.5541637e+00
   1.0058836e-01   2.2967816e+00
   4.3201527e-01  -5.2142196e-01
   4.0241309e-01   3.8443285e+00
   9.7404429e-02  -8.8237115e-01
   1.4542843e-01   3.7824812e+00
   5.5638363e-01  -1.3089381e+00
   3.9345907e-01   7.0584703e-01
   5.8281176e-01   2.6625271e+00
   3.1798770e-01   1.1575084e+00
   4.8956463e-01   7.7279836e-01
   4.6241625e-01   2.9396233e+00
   4.1923282e-01   1.9570867e+00
   2.5855905e-01   7.9459767e-01
   3.6058718e-01   2.8585943e+00
   2.7656663e-02   3.7509384e+00
   2.8873121e-01   1.4756521e+00
   3.9654375e-01  -7.7975825e-01
   7.1518352e-02   8.7927344e-02
   2.9601019e-01  -5.3307674e-01
   4.4231768e-01   3.3023139e+00
   3.8602123e-01   4.2958447e+00
   5.3880457e-02  -1.6344064e-01
   5.0862845e-01   2.5560315e+00
   2.0087875e-01   2.6602870e+00
   4.8971071e-01   6.8612442e-01
   3.1553522e-02  -4.1174265e-01
   1.0992318e-01   2.4798358e+00
   5.9522907e-01  -5.4818729e-02
   1.4477308e-01   4.2118665e+00
   3.6998217e-01   2.1098107e+00
   1.1363653e-01  -1.0751391e+00
   2.5900251e-01   1.3668773e+00
   2.0335655e-01   3.8128325e+00
   1.9316061e-01   7.2760778e-01
   3.1297469e-01  -4.5895095e-01
   1.3282629e-01  -4.2456005e-01
   4.3029701e-01   5.6088454e-01
   1.7749616e-01   1.0360286e+00
   1.7770885e-01   1.0723821e+00
   3.7610993e-01   3.6290972e-01
   5.0574097e-01   2.5188079e+00
   1.0385978e-01   3.6023792e+00
   4.9891717e-01   1.0397562e-01
   1.1318405e-01  -6.7646227e-01
   1.5751980e-01  -4.8103186e-01
   3.2928444e-01   1.8571401e+00
   1.6116789e-01   3.0612868e+00
   2.6098351e-01   3.0182226e+00
   6.6560415e-02   3.1844335e+00
   2.3642978e-01   4.2055671e-01
   1.4373156e-01   4.3431976e+00
   4.0714190e-01   2.2817566e+00
   5.4576965e-02  -7.8681032e-01
   2.0193646e-01   3.6369144e+00
   2.7477657e-01  -6.6274159e-01
   4.0850117e-01   2.5335343e+00
   3.2954365e-01   1.5053251e+00
   2.0128698e-02   2.0874808e+00
   4.1198985e-01   7.0482412e-01
   4.8121527e-01   1.2455041e+00
   3.6596424e-01   2.9037330e+00
   2.3915540e-01   2.7130150e-02
   5.3365105e-01  -8.5809799e-02
   4.0218725e-01   3.7655972e+00
   4.7691414e-01   8.4272308e-01
   4.1995815e-01   2.0867219e+00
   1.9144024e-01   4.5573926e-01
   5.3021564e-01   6.5362145e-01
   2.8350002e-01   3.4073669e+00
   5.7334300e-01  -1.1838587e+00
   2.5418507e-01  -4.4868745e-01
   2.3431861e-01   2.2206181e-01
   5.8861538e-01   1.5975102e+00
   8.1639237e-02   1.5277939e+00
   5.9844916e-01  -3.5680557e-01
   1.1016077e-01   2.3804726e+00
   3.5851568e-01   7.3786163e-01
   1.5360815e-01   9.6946733e-02
   2.1391295e-02   1.9382131e+00
   3.9263126e-01   6.9353287e-01
   1.0892637e-01   2.5942512e+00
   2.5501158e-01  -1.0948131e+00
   4.1706354e-01   2.0054288e-01
   4.4197700e-01   2.8957051e+00
   1.9621170e-01  -6.3826203e-01
   1.4546691e-01   3.7512978e+00
   2.3691361e-01   2.7852405e-01
   4.6665198e-01   3.2255730e+00
   2.5263501e-01   9.4182405e-01
   1.4587146e-01   3.3967702e+00
   3.8198775e-01   1.8200940e+00
   4.1687364e-01  -7.9922232e-03
   2.4376595e-01   4.3514987e+00
   1.1406953e-01  -1.3410532e+00
   1.5280197e-01   8.1494640e-01
   1.8350333e-01   3.4107858e+00
   5.7272459e-01  -9.9992633e-01
   1.1776056e-01   9.4055223e-01
   5.4192862e-01   2.8352206e+00
   2.1154198e-01   1.2297314e+00
   2.5652354e-01  -1.2540565e+00
   6.3271893e-02   2.6627369e+00
   2.8116499e-01   1.2178057e+00
   1.7502946e-02   6.7667673e-01
   4.6735623e-01   3.4734343e+00
   4.1137848e-01   1.4090686e+00
   3.4072537e-01   1.3002069e+00
   2.6361100e-01   2.5694973e+00
   1.1971783e-01   2.0682961e+00
   9.6729362e-02  -8.3737739e-01
   1.6189198e-01   3.0625418e+00
   6.3373166e-02   2.6326148e+00
   4.8801949e-01   2.2838939e+00
   2.9284975e-01   7.1758137e-01
   2.4927900e-01   1.4319153e+00
   3.9201298e-01   5.7599834e-01
   5.6615929e-01   2.9955267e+00
   3.6070012e-01   2.9136090e+00
   1.9527891e-02   2.0373255e+00
   3.8668557e-01   3.8022768e+00
   3.2778210e-01   3.6478850e+00
   7.1293396e-03   2.2807990e+00
   8.9769400e-02   6.5458820e-01
   7.6065103e-02   3.3041511e-01
   2.7182483e-01  -2.6465272e-01
   1.2515202e-01   3.6120891e+00
   2.9852007e-01  -2.9500775e-01
   3.1990441e-01   2.0844653e+00
   4.4607099e-01   3.2096261e+00
   2.0389105e-01   3.5861668e+00
   1.8731861e-01   3.1288027e+00
   1.1803523e-01   1.2006707e+00
   4.6054370e-01   2.8353746e+00
   5.0579090e-01   2.4978955e+00
   2.1421877e-02   1.9346453e+00
   1.0250152e-01   3.8655905e+00
   3.0595217e-01   2.4362922e+00
   2.6628001e-02   4.1857147e+00
   4.2690399e-01   4.1436222e+00
   2.7010330e-01   1.9581617e+00
   5.6918301e-01   2.9548889e+00
   4.2830721e-01   3.1177859e+00
   1.0122503e-01   3.0486567e+00
   4.0715704e-01   2.2829718e+00
   4.5436719e-02   3.7758090e+00
   4.5733928e-01  -6.6505869e-01
   5.4705881e-01   2.2980285e+00
   7.1279611e-02   3.8730593e-01
   5.7354659e-01  -1.1844267e+00
   5.4202370e-01   2.9535422e+00
   4.4401351e-01   4.3850466e+00
   3.8799983e-01   2.3076515e+00
   2.0978059e-01   2.5249342e+00
   5.2109468e-01   1.9785519e+00
   1.6587687e-01   2.8636745e+00
   1.1666381e-01  -2.3510143e-01
   2.3568036e-01   5.2581203e-01
   2.9402759e-01   5.7077861e-01
   2.2678702e-01   4.1681583e+00
   4.7005884e-01   2.0143590e+00
   5.1245816e-01   1.3603848e-01
   2.3167595e-01  -4.5391745e-01
   3.7878319e-01   1.0390637e+00
   4.0499726e-01   2.9138866e+00
   1.1193669e-01   7.6891255e-01
   4.0656236e-01   2.2914894e+00
   3.2316121e-02  -5.2415430e-01
   5.1632631e-01  -5.8269683e-01
   9.2696657e-02   7.0202202e-01
   2.6280787e-01   2.8141243e+00
   3.9913697e-01   3.5861061e-01
   1.8641781e-01   4.0332394e+00
   3.6531012e-01   2.6369391e+00
   3.1246826e-01   1.2388733e-01
   3.1659135e-01  -3.1198211e-01
   2.2855352e-01   2.8239010e+00
   2.6690613e-01   3.3315649e+00
   6.3623591e-02   2.5665074e+00
   4.9380138e-01   6.3937772e-01
   1.3485043e-02  -9.5400984e-01
   4.9436296e-01   4.3501037e-01
   2.9158819e-01   4.8386636e-01
   4.5220503e-01   1.2185117e+00
   2.9074001e-01   3.9600546e-01
   5.4711214e-01   2.2540317e+00
   4.5000897e-01   1.5011272e+00
   3.4012516e-01   6.6091338e-01
   9.9223589e-02   4.6445661e-01
   1.5801795e-01   9.8013764e-02
   8.3036041e-02   2.9089598e+00
   2.9336887e-01   7.1588715e-01
   2.8361811e-01   3.5275402e+00
   1.6533902e-01   2.6466444e+00
   5.8138508e-01   1.3482490e+00
   2.4994297e-01   1.4928447e+00
   1.5722686e-01  -7.7101465e-01
   3.0306827e-01   3.8795693e+00
   3.0743647e-01   2.3163071e+00
   2.2009455e-01   2.0880659e+00
   8.1795329e-02   1.6525200e+00
