   2.0000000e-01   2.4000692e-01
   6.0000000e-01   6.0598006e-01
   1.0000000e+00   8.8280857e-01
   1.4000000e+00   1.0267873e+00
   1.8000000e+00   1.0151852e+00
   2.2000000e+00   8.4983399e-01
   2.6000000e+00   5.5683896e-01
   3.0000000e+00   1.8245759e-01
   3.4000000e+00  -2.1420352e-01
   3.8000000e+00  -5.7052031e-01
   4.2000000e+00  -8.3023819e-01
   4.6000000e+00  -9.5235342e-01
   5.0000000e+00  -9.1758669e-01
   5.4000000e+00  -7.3142690e-01
   5.8000000e+00  -4.2326459e-01
   6.2000000e+00  -4.1751817e-02
