   0.0000000e+00   0.0000000e+00
   7.0000000e-02   3.4971424e-02
   1.4000000e-01   6.9771557e-02
   2.1000000e-01   1.0422995e-01
   2.8000000e-01   1.3817782e-01
   3.5000000e-01   1.7144890e-01
   4.2000000e-01   2.0388023e-01
   4.9000000e-01   2.3531294e-01
   5.6000000e-01   2.6559310e-01
   6.3000000e-01   2.9457238e-01
   7.0000000e-01   3.2210884e-01
   7.7000000e-01   3.4806762e-01
   8.4000000e-01   3.7232156e-01
   9.1000000e-01   3.9475187e-01
   9.8000000e-01   4.1524869e-01
   1.0500000e+00   4.3371161e-01
   1.1200000e+00   4.5005022e-01
   1.1900000e+00   4.6418448e-01
   1.2600000e+00   4.7604517e-01
   1.3300000e+00   4.8557419e-01
   1.4000000e+00   4.9272486e-01
   1.4700000e+00   4.9746217e-01
   1.5400000e+00   4.9976292e-01
   1.6100000e+00   4.9961582e-01
   1.6800000e+00   4.9702160e-01
   1.7500000e+00   4.9199297e-01
   1.8200000e+00   4.8455456e-01
   1.8900000e+00   4.7474281e-01
   1.9600000e+00   4.6260576e-01
   2.0300000e+00   4.4820287e-01
   2.1000000e+00   4.3160468e-01
   2.1700000e+00   4.1289250e-01
   2.2400000e+00   3.9215796e-01
   2.3100000e+00   3.6950264e-01
   2.3800000e+00   3.4503749e-01
   2.4500000e+00   3.1888235e-01
   2.5200000e+00   2.9116532e-01
   2.5900000e+00   2.6202217e-01
   2.6600000e+00   2.3159563e-01
   2.7300000e+00   2.0003474e-01
   2.8000000e+00   1.6749408e-01
   2.8700000e+00   1.3413303e-01
   2.9400000e+00   1.0011499e-01
   3.0100000e+00   6.5606596e-02
   3.0800000e+00   3.0776859e-02
