   0.0000000e+00   2.0000000e+00
   1.0000000e-01   1.9950042e+00
   2.0000000e-01   1.9800666e+00
   3.0000000e-01   1.9553365e+00
   4.0000000e-01   1.9210610e+00
   5.0000000e-01   1.8775826e+00
   6.0000000e-01   1.8253356e+00
   7.0000000e-01   1.7648422e+00
   8.0000000e-01   1.6967067e+00
   9.0000000e-01   1.6216100e+00
   1.0000000e+00   1.5403023e+00
   1.1000000e+00   1.4535961e+00
   1.2000000e+00   1.3623578e+00
   1.3000000e+00   1.2674988e+00
   1.4000000e+00   1.1699671e+00
   1.5000000e+00   1.0707372e+00
   1.6000000e+00   9.7080048e-01
   1.7000000e+00   8.7115551e-01
   1.8000000e+00   7.7279791e-01
   1.9000000e+00   6.7671043e-01
   2.0000000e+00   5.8385316e-01
   2.1000000e+00   4.9515390e-01
   2.2000000e+00   4.1149888e-01
   2.3000000e+00   3.3372398e-01
   2.4000000e+00   2.6260628e-01
   2.5000000e+00   1.9885638e-01
   2.6000000e+00   1.4311125e-01
   2.7000000e+00   9.5927858e-02
   2.8000000e+00   5.7777659e-02
   2.9000000e+00   2.9041835e-02
   3.0000000e+00   1.0007503e-02
   3.1000000e+00   8.6484973e-04
