   0.0000000e+00  -3.7301318e-02
   4.0000000e-01   3.5211702e-01
   8.0000000e-01   6.8005477e-01
   1.2000000e+00   8.9473777e-01
   1.6000000e+00   9.6227228e-01
   2.0000000e+00   8.7199611e-01
   2.4000000e+00   6.3816186e-01
   2.8000000e+00   2.9768683e-01
   3.2000000e+00  -9.5675462e-02
   3.6000000e+00  -4.7982176e-01
   4.0000000e+00  -7.9410381e-01
   4.4000000e+00  -9.8890339e-01
   4.8000000e+00  -1.0334659e+00
   5.2000000e+00  -9.2075597e-01
   5.6000000e+00  -6.6856796e-01
   6.0000000e+00  -3.1671682e-01
