0.640160
0.492465
0.541232
0.594614
0.598000
0.469556
0.511410
0.481301
0.513031
0.512249
0.456362
0.538950
0.541010
0.510269
0.497706
0.503089
0.409175
0.461323
0.474462
0.527578
0.531153
0.499022
0.549202
0.532617
0.562684
0.518019
0.524723
0.551048
0.521532
0.573495
0.488900
0.542964
0.512498
0.541730
0.478202
0.559913
0.399639
0.485379
0.628213
0.602772
0.523448
0.469549
0.490846
0.485809
0.548046
0.602258
0.513224
-0.616711
0.517353
0.512049
0.582459
0.506020
0.535778
0.469842
0.556803
0.457767
0.542853
0.473137
0.676084
0.532483
0.479407
0.509973
0.583776
0.520785
0.441902
0.560256
0.510069
0.472929
0.590162
0.529841
0.466691
0.602646
0.575528
0.454271
0.531405
0.559053
0.482029
0.540308
0.513955
0.509337
0.468151
0.587297
0.544043
0.517976
0.530017
0.591022
0.508523
0.485485
0.540126
0.565285
0.500794
0.455823
0.434305
0.463391
0.596757
0.569487
0.461478
0.510579
0.535532
0.486927
0.536520
0.484152
-0.548088
0.464391
0.472000
0.550605
0.498404
0.500806
0.518141
0.471214
0.493055
0.552792
0.569679
0.518486
0.531489
0.481271
0.495942
0.499677
0.546186
0.507615
0.577281
0.468919
0.535113
0.487697
0.521321
0.526048
0.412707
0.509602
0.485348
0.618392
0.572318
0.511733
0.491009
0.509140
0.532005
0.571061
0.515488
0.561964
0.505132
0.577751
0.497737
0.464531
0.577038
0.566653
0.493968
0.490514
0.589069
0.504783
0.529771
0.577941
0.521649
0.472242
0.506345
0.577889
0.484811
0.577058
0.512094
0.471577
0.475365
0.565473
0.536617
0.533538
0.445883
0.579720
0.513442
0.540803
0.587124
0.461807
0.541428
0.453534
0.423854
0.584501
0.523828
0.541556
0.469742
0.537700
0.480575
0.544191
0.476815
0.538745
0.656118
0.561608
0.496548
0.508247
0.444140
0.525467
0.572887
0.577842
0.488223
0.538379
0.535319
0.522804
0.484726
0.483797
0.520218
0.499063
0.498610
0.546601
0.555720
0.517221
0.535529
0.582409
0.490788
0.538531
0.545041
0.507777
0.508237
0.519020
0.482223
0.593632
0.520257
0.481780
0.503857
0.592890
0.430756
0.546086
0.562576
0.557265
0.451362
0.609601
0.504753
0.534493
0.489040
0.517567
0.451412
0.501736
0.479820
0.506335
0.537005
0.523004
0.567579
0.525367
0.383657
0.495383
0.575893
0.572488
0.619221
0.482906
0.586988
-0.529706
0.528529
0.555348
0.535836
0.541603
0.531345
0.498006
0.401111
0.458046
0.442703
0.496053
0.396807
0.537457
0.568565
0.445430
0.513989
0.494506
0.496278
0.560044
0.508733
0.491372
0.464940
0.525247
0.534650
0.525315
0.537660
0.556615
0.571399
0.490536
0.524392
0.542847
0.522659
0.537155
0.468873
0.551208
0.495792
0.511030
0.617408
0.515886
0.535225
0.396335
0.564383
0.600204
0.462210
0.508822
0.482899
0.419681
0.452082
0.517796
0.521052
0.554554
0.502880
0.503344
0.597734
0.483528
0.479583
0.545281
0.547938
0.518311
0.520905
0.485930
0.581210
0.530378
0.557633
0.576083
0.555496
0.416357
0.573925
0.493069
0.524899
0.528516
0.434402
0.595945
0.535467
0.554955
0.513023
0.546092
0.518338
0.506442
0.573194
0.516721
0.465352
0.548409
0.481399
0.489263
0.492476
0.575789
0.527064
0.464496
0.503726
0.549691
0.511070
0.495685
0.412869
0.460229
0.519333
0.429564
0.496077
0.494322
0.485715
0.472924
0.562166
0.435371
0.556284
0.505125
0.506425
0.551552
0.544589
0.676122
0.450060
0.559433
0.574769
0.554202
0.530327
0.551158
0.380908
0.559560
0.538761
0.566903
0.503314
0.523190
0.515978
0.446359
0.601222
0.417509
0.522168
0.482549
0.557057
0.523717
0.411407
0.588846
0.482298
0.447820
0.481364
0.550205
0.502359
0.380713
0.592320
0.503146
0.569551
0.574209
0.543072
0.524823
0.591467
0.448244
0.487114
0.455677
0.496425
0.445752
0.586113
0.528539
0.546827
0.550067
0.604289
0.487074
0.450550
0.464170
0.547450
0.528646
0.533983
0.531174
0.505113
0.433977
0.529938
0.600215
0.460772
0.570536
0.588870
0.477958
0.518669
0.533111
0.574974
0.574767
0.526427
0.526803
0.492852
0.529492
0.431593
0.546304
0.635196
0.576298
0.445445
0.584968
0.436793
0.583408
0.522781
0.445418
0.465067
0.530003
0.568055
0.481362
0.463681
0.486667
0.556921
0.564719
0.523911
0.592541
0.514017
0.551295
0.472681
0.534060
0.531717
0.497160
0.502021
0.553065
0.565278
0.461477
0.493042
0.588823
0.550288
0.621418
0.502389
0.511172
0.509789
0.512049
0.577626
0.571798
0.724521
0.587287
0.414073
0.486793
0.533520
0.484602
0.503635
0.515477
0.497727
0.429419
0.521193
0.470827
0.535038
0.394494
0.527188
0.511291
0.538201
0.493354
0.465376
0.511829
0.531360
0.475335
0.465251
0.497915
0.434832
0.428540
0.425705
0.536024
0.528642
0.522956
0.681447
0.542531
0.551791
0.510483
0.438856
0.585466
0.578251
0.542600
0.418138
0.554340
0.536825
0.626649
0.523170
0.485416
0.473084
0.504805
0.498108
0.573886
0.633141
0.458684
0.510496
0.509356
0.430649
0.528771
0.494775
0.489438
0.579093
0.552973
0.483639
0.563379
0.501520
0.489040
0.519216
0.469242
0.499742
0.494162
0.505853
0.513957
0.618685
0.558579
0.495451
0.567053
0.561176
0.567685
0.522478
0.452845
0.551028
0.538225
0.470142
0.613612
0.502676
0.561739
0.469193
0.590361
0.506512
0.493457
0.562539
0.508289
0.605144
0.611765
0.526066
0.644008
0.490114
0.478142
0.456191
0.457952
0.541083
0.499386
0.558038
0.535286
0.488372
0.497745
0.477177
0.530494
0.508056
0.561364
0.368577
0.611466
0.463795
0.561418
0.427136
0.553015
0.459630
0.637035
0.521818
0.524987
0.480263
0.500894
0.521661
0.521190
0.511330
0.453323
0.461484
0.541603
0.541402
0.477835
0.606480
0.521213
0.593180
0.485149
0.600118
0.532882
0.552710
0.456213
0.524226
0.614022
0.521199
0.524091
0.567063
0.555239
0.515629
0.534965
0.556985
0.520308
0.468973
0.576966
0.531382
0.523462
0.576860
0.430703
0.580466
0.528538
0.545260
0.567731
0.440312
0.616359
0.513270
0.406403
0.437924
0.583636
0.529005
0.517304
0.535565
0.471199
0.538251
0.494493
0.533078
0.600025
0.551573
0.590206
0.578913
0.525014
0.511466
0.555546
0.461604
0.513506
0.547081
0.547838
0.489576
0.531393
0.520379
0.462169
0.474155
0.498314
0.573414
0.556250
0.586216
0.564027
0.536806
0.521586
0.530293
0.585356
0.533430
0.571204
0.518312
0.415460
0.504197
0.526647
0.486749
0.517662
0.444788
0.486334
0.479980
0.508590
0.543007
0.548322
0.572333
0.570427
0.498219
0.596737
0.524667
0.470583
0.472849
0.472199
0.455677
0.584795
0.506860
0.570625
0.494325
0.591433
0.537362
0.472775
0.559893
0.550193
0.442028
0.450215
0.526935
0.484893
0.493976
0.558206
0.534927
0.572637
0.534789
0.592936
0.502391
0.527063
0.516810
0.526639
0.465417
0.554772
0.488061
0.469419
0.648149
0.468174
0.405191
0.505416
0.476078
0.610429
0.545410
0.533798
0.499762
0.517084
0.429534
0.487120
0.575041
0.459987
0.481126
0.545562
0.535898
0.559182
0.566522
0.503530
0.638655
0.513157
0.564302
0.513253
0.532969
0.447332
0.538602
0.505207
0.446148
0.533937
0.404196
0.539227
0.570844
0.489096
0.541427
0.535885
0.486645
0.524313
0.460738
0.554359
0.568825
0.518540
0.493546
0.619374
0.433601
0.591852
0.564442
0.576344
0.585476
0.394428
0.543521
0.521938
0.521914
0.483769
0.438884
0.471678
0.538623
0.522984
0.549458
0.559088
0.464447
0.519252
0.545241
0.478698
0.593053
0.563922
0.501070
0.524608
0.551042
0.487276
0.425699
0.541476
0.523530
0.459475
0.588224
0.546208
0.517458
0.548482
0.524940
0.489479
0.434323
0.498569
0.537362
0.470753
0.469122
0.587656
0.554093
0.556105
0.412572
0.492453
0.580666
0.536959
0.417771
0.564381
0.524467
0.572629
0.432676
0.565290
0.498653
0.542153
0.420188
0.546506
0.400659
0.535926
0.520283
0.523184
0.563051
0.499895
0.499498
0.529751
0.589707
0.496612
0.484375
0.447761
0.599879
0.555837
0.540948
0.591990
0.531345
0.485752
0.501402
0.553375
0.618197
0.555365
0.506939
0.519678
0.541170
0.505486
0.442661
0.482844
0.484946
0.466117
0.493675
0.522844
0.471478
0.505066
0.563665
0.545063
0.542328
0.512212
0.545024
0.484619
0.513703
0.406051
0.535897
0.419704
0.482331
0.585481
0.603569
0.598155
0.465458
0.481826
0.513099
0.522103
0.515126
0.558824
0.520569
0.571833
0.538760
0.533560
0.496416
0.542793
0.564738
0.588023
0.548566
0.442090
0.612519
0.492214
0.555252
0.377969
0.643174
0.461683
0.484811
0.503116
0.535304
0.467047
0.569515
0.418692
0.518608
0.525287
0.504569
0.429020
0.536327
0.472223
0.552817
0.508132
0.560695
0.555821
0.532985
0.532171
0.507767
0.554909
0.475050
0.512832
0.514165
0.498620
0.499415
0.492194
0.546952
0.592828
0.575454
0.454345
0.526579
0.539710
0.476968
0.512048
0.553854
0.471594
0.518423
0.565895
0.515063
0.572985
0.543213
0.486339
0.593807
0.529485
0.450830
0.480756
0.469176
0.404162
0.514431
0.531198
0.544673
0.543400
0.542566
0.481591
0.464695
0.536430
0.487303
0.526212
0.491041
0.508119
0.573255
0.489488
0.393212
0.500612
0.528976
0.575813
0.503804
0.519331
0.546185
0.550836
0.574732
0.475768
0.547450
0.490982
0.525240
0.585186
0.494731
0.596665
0.517918
0.491131
0.554249
0.469883
0.497282
0.502696
0.476363
0.551560
0.568801
0.487080
0.559159
0.468700
0.547796
0.477146
0.476885
0.572092
0.499596
0.461379
0.522375
0.470160
0.427809
0.503835
0.432966
0.512058
0.400238
0.481566
0.502363
0.503056
0.524098
0.459708
0.527043
0.528678
0.484541
0.699026
0.579306
0.566256
0.520695
0.426822
0.477074
0.489950
0.532630
0.479608
0.531025
0.560347
0.503942
0.456360
0.527524
0.538767
0.448983
0.580109
0.517955
0.485154
0.497035
0.565988
0.520025
0.513631
0.486666
0.535147
0.468325
0.530186
0.690440
0.516374
0.488873
0.560230
0.483660
0.488928
0.507664
0.513522
0.530973
0.544933
0.525103
0.474711
0.503279
0.505714
0.504949
0.589102
0.639101
0.489615
0.523641
0.541635
0.586933
0.529419
0.512625
0.542203
0.453370
0.532277
0.499114
0.435130
0.489261
0.505246
0.514949
0.488836
0.553770
0.528027
0.456595
0.452168
0.561780
0.551818
0.480096
0.470091
0.507228
0.513696
0.523199
0.595038
0.591492
0.483554
0.558535
0.565192
0.563631
0.551523
0.542731
0.502925
0.487529
0.534037
0.551789
0.553011
0.445418
0.497562
0.543264
0.519764
0.501853
0.508375
0.475428
0.573553
0.507511
0.465330
0.527737
0.471407
0.530605
0.509964
0.563867
0.451374
0.514136
0.532114
0.480812
0.519706
0.547330
0.462532
0.545625
0.587936
0.521798
0.429754
0.501270
0.603674
0.482668
0.571383
0.502205
0.479851
0.522744
0.503451
0.559721
0.503684
0.448773
0.499080
0.460370
0.598077
0.554135
0.547835
0.572921
0.522596
0.501308
0.414862
0.588036
0.499450
0.541964
0.517625
0.542696
0.508919
0.486037
0.554230
0.591415
0.457070
0.604808
0.614391
0.557273
0.568855
0.475150
0.556867
0.539694
0.585433
0.575380
0.519016
0.549307
0.556242
0.476707
0.559505
0.512665
0.523421
0.566612
0.544749
0.583917
0.489000
0.493503
0.502493
0.510441
0.528190
0.484653
0.634816
0.541381
0.600591
0.487439
0.472332
0.468072
0.547676
0.544338
0.478509
0.421941
0.451914
0.520985
0.556953
0.607003
0.554458
0.557380
0.510861
0.484448
0.422477
0.538882
0.453932
0.388240
0.580152
0.515997
0.540142
0.462532
0.509280
0.526375
0.631934
0.553116
0.484383
0.505172
0.464004
0.574358
0.500298
0.586781
0.505350
0.514610
0.465583
0.479494
0.575349
0.571179
0.516242
0.578493
0.533201
0.451801
0.473618
0.481105
0.501800
0.530130
0.529165
0.487397
0.535675
0.468392
0.535750
0.426294
0.512174
0.565517
0.527227
0.589597
0.507156
0.529684
0.497528
0.506504
0.554502
0.539347
0.443606
0.515457
0.545496
0.495327
0.469221
0.530866
0.555165
0.569655
0.643959
0.575532
0.544076
0.548487
0.560947
0.550429
0.506330
0.432803
0.520934
0.445833
0.510878
0.494536
0.511381
0.599826
0.579771
0.618550
0.499252
0.430190
0.584834
0.543899
0.529075
0.456235
0.523907
0.476153
0.510432
0.482544
0.493441
0.601845
0.619248
0.493182
0.493660
0.554907
0.560108
0.441000
0.481008
0.462826
0.543149
0.584281
0.501210
0.550391
0.482920
0.497563
0.583912
0.529972
0.547828
0.564021
0.466807
0.562134
0.482179
0.569072
0.564645
0.587394
0.541911
0.558387
0.498330
0.446191
0.494499
0.554471
0.497117
0.526164
0.573692
0.598648
0.516144
0.478404
0.484544
0.614199
0.427596
0.530404
0.503832
0.515515
0.431115
0.446690
0.599177
0.432263
0.595800
0.504345
0.507856
0.501610
0.473843
0.555092
0.502979
0.539103
0.568042
0.537036
0.518441
0.585029
0.461160
0.471181
0.510817
0.427676
0.549635
0.490872
0.502943
0.491363
0.619370
0.489591
0.519195
0.495041
0.528131
0.522314
0.556908
0.460499
0.502667
0.429191
0.533212
0.566884
0.540423
0.478140
0.545674
0.493485
0.511961
0.544316
0.438529
0.475467
0.497684
0.533267
0.508717
0.512095
0.495852
0.611523
0.536021
0.471485
0.540912
0.413223
0.565520
0.412056
0.549868
0.436073
0.509079
0.454341
0.531380
0.486365
0.497762
0.606359
0.469450
0.562446
0.481663
0.499971
0.583502
0.543911
0.542138
0.577712
0.490595
0.511669
0.539817
0.531276
0.565851
0.432018
0.474622
0.456936
0.442664
0.549403
0.497866
0.467185
0.510006
0.433070
0.458835
0.535620
0.433492
0.595189
0.454256
0.517246
0.483757
0.511504
0.540598
0.581168
0.580764
0.498688
0.511023
0.532218
0.602974
0.564974
0.438055
0.483324
0.463735
0.472982
0.555819
0.496527
0.600001
0.546293
0.536059
0.624763
0.500494
0.538441
0.550612
0.487841
0.529337
0.449108
0.571678
0.614912
0.535400
0.410582
0.614075
0.455998
0.456532
0.476925
0.506547
0.450575
0.672449
0.473406
0.564228
0.554236
0.477670
0.473995
0.604097
0.556249
0.464939
0.505999
0.514358
0.551887
0.568849
0.570147
0.568754
0.534887
0.604128
0.477933
0.624092
0.553958
0.592931
0.508936
0.481311
0.546930
0.543829
0.544502
0.530292
0.554012
0.544999
0.481518
0.451657
0.542926
0.528618
0.544777
0.445806
0.487666
0.529993
0.587243
0.460110
0.526554
0.530967
0.534282
0.479469
0.479163
0.492576
0.523435
0.544331
0.623412
0.440077
0.569559
0.572163
0.514960
0.472612
0.502669
0.503187
0.548909
0.532206
0.555814
0.516001
0.549290
0.515122
0.609627
0.484757
0.556648
0.632775
0.490935
0.523531
0.558460
0.524519
0.567701
0.534808
0.588352
0.509187
0.433587
0.559466
0.501990
0.522357
0.551557
0.423017
0.502036
0.549374
0.405968
0.464157
0.479176
0.495734
0.553251
0.453584
0.513692
0.551646
0.543499
0.523176
0.547812
0.598779
0.526282
0.601280
0.609989
0.495932
0.500373
0.550370
0.482422
0.437232
0.533587
0.541772
0.529860
0.471900
0.500390
0.571516
0.528999
0.510337
0.491297
0.501841
0.521487
0.535206
0.484895
0.470211
0.522191
0.528152
0.521709
0.489212
0.437001
0.511414
0.563288
0.610537
0.545835
0.536804
0.543141
0.525401
0.479377
0.489522
0.462607
0.512714
0.529201
0.562028
0.499570
0.472068
0.536341
0.448181
0.467851
0.439738
0.522951
0.536354
0.469570
0.508321
0.552396
0.531633
0.506095
0.523158
0.511470
0.455859
0.545345
0.558800
0.532651
0.537574
0.539760
0.537121
0.497276
0.540020
0.544763
0.588844
0.435462
0.443404
0.552781
0.576640
0.535810
0.460127
0.491383
0.570684
0.581611
0.555385
0.446401
0.542629
0.422843
0.531310
0.513987
0.557928
0.513606
0.468211
0.504963
0.513868
0.445159
0.535395
0.475894
0.575731
0.544315
0.495024
0.464258
0.435896
0.564718
0.585843
0.533338
0.490505
0.543815
0.522689
0.533669
0.606291
0.509842
0.525865
0.461275
0.483892
0.571386
0.492527
0.427744
0.548134
0.548820
0.545908
0.561364
0.486570
0.537893
0.507373
0.541891
0.476227
0.533345
0.509642
0.617105
0.514106
0.541061
0.542992
0.494913
0.579206
0.540389
0.571398
0.486128
0.479557
0.547124
0.554241
0.550833
0.569052
0.523643
0.514585
0.467572
0.524621
0.548234
0.582697
0.483616
0.544106
0.557170
0.574846
0.513378
0.465960
0.499072
0.480460
0.519120
0.437967
0.487019
0.490440
0.558438
0.568957
0.546206
0.487133
0.490876
0.434338
0.586171
0.427786
0.561464
0.462822
0.522649
0.508423
0.559380
0.589909
0.507239
0.586493
0.448464
0.452648
0.552519
0.547226
0.527600
0.437765
0.558648
0.581045
0.527637
0.511460
0.467932
0.509373
0.571826
0.524362
0.519476
0.548205
0.481663
0.500546
0.457721
0.440481
0.502209
0.563756
0.499217
0.564496
0.477962
0.514596
0.482903
0.542602
0.548409
0.492911
0.477147
0.375438
0.446230
0.563339
0.620731
0.540553
0.521886
0.546759
0.437091
0.572850
0.529147
0.478020
0.520195
0.523243
0.525064
0.567720
0.526232
0.525907
0.592302
0.406463
0.539698
0.448227
0.531248
0.598189
0.435129
0.525549
0.481327
0.561601
0.535807
0.459742
0.550613
0.560012
0.472511
0.490670
0.590009
0.502505
0.564661
0.594855
0.566869
0.590202
0.497572
0.564613
0.595990
0.577961
0.610725
0.434930
0.560085
0.529434
0.531998
0.578183
0.520565
0.551163
0.475927
0.528915
0.548675
0.522052
0.497460
0.569746
0.599199
0.543339
0.460726
0.521344
0.514967
0.393286
0.505696
0.551590
0.555316
0.419055
0.506366
0.560965
0.488348
0.554211
0.468193
0.567422
0.590456
0.560683
0.511090
0.517739
0.488021
0.498085
0.551155
0.524113
0.527533
0.563308
0.549099
0.531486
0.569312
0.523300
0.455539
0.515418
0.613745
0.508534
0.461166
0.529643
0.497680
0.562180
0.580138
0.515602
0.569470
0.503146
0.494704
0.447661
0.497250
0.590682
0.534003
0.487361
0.489717
0.496216
0.563573
0.520667
0.529385
0.528280
0.514408
0.437891
0.588237
0.440717
0.388477
0.497623
0.556234
0.518414
0.506834
0.512262
0.539478
0.539852
0.559088
0.482169
0.472659
0.561268
0.504401
0.484937
0.462516
0.468175
0.500998
0.548422
0.465147
0.596243
0.594459
0.582293
0.525227
0.498700
0.572547
0.521099
0.534103
0.573307
0.431185
0.577936
0.494468
0.433966
0.506539
0.473925
0.476249
0.472070
0.550775
0.482746
0.491402
0.527225
0.451420
0.564414
0.387699
0.500569
0.489897
0.555527
0.540343
0.549751
0.494767
0.612771
0.496251
0.520173
0.485252
0.583760
0.472241
0.448454
0.504389
0.622861
0.506648
0.482416
0.520536
0.531278
0.505320
0.544129
0.442921
0.448366
0.342211
0.524040
0.592147
0.531906
0.526136
0.562267
0.502925
0.489619
0.533530
0.556286
0.573010
0.464294
0.508014
0.425910
0.510330
0.481902
0.541365
0.542634
0.568744
0.586847
0.593962
0.420163
0.521813
0.455967
0.556747
0.489658
0.487966
0.491349
0.474225
0.501597
0.574395
0.557965
0.525249
0.507021
0.364431
0.488632
0.537597
0.540584
0.535082
0.466543
0.515198
0.483741
0.580111
0.589638
0.564317
0.513236
0.552027
0.475825
0.590078
0.558632
0.500708
0.551593
0.516451
0.550241
0.485176
0.532249
0.485923
0.453101
0.485702
0.495679
0.557927
0.466446
0.551325
0.474088
0.572825
0.524318
0.512770
0.459849
0.462903
0.508956
0.583542
0.522917
0.469422
0.564541
0.514775
0.563445
0.492237
0.529474
0.449696
0.478644
0.554831
0.546653
0.579876
0.545308
0.528985
0.556479
0.559925
0.576487
0.599117
0.557817
0.512290
0.453626
0.486876
0.478957
0.491835
0.593253
0.474081
0.553427
0.445784
0.504919
0.515835
0.491874
0.570671
0.503351
0.581929
0.486683
0.460624
0.550351
0.614721
0.586918
0.573767
0.552446
0.604194
